5.501905e-01 2.602928e-02 -3.376334e-02 -5.883423e-02 -7.612176e-02 -5.865665e-02 8.542507e-03 -5.608561e-02 -6.240563e-02 -4.845127e-03 2.800622e-02 -2.716690e-02 -7.227340e-02 2.127181e-02 3.897508e-02 3.019467e-03 1.864358e-02 -9.135355e-02 2.435462e-02 -1.040767e-02 -3.462516e-02 3.952119e-02 5.667875e-03 3.904699e-02 -3.885231e-02 -8.556416e-02 -4.901341e-03 -6.678875e-02 5.929211e-02 2.466099e-02 1.408681e-02 -1.482165e-01
2.602928e-02 7.177568e-01 -7.871427e-02 -1.133097e-01 4.691853e-02 2.593798e-02 -3.823799e-03 -1.137160e-02 -2.129845e-02 3.855836e-02 -2.168928e-02 -2.541738e-02 1.640062e-03 -8.515333e-02 7.672495e-02 -7.373498e-03 -4.427136e-02 1.651174e-02 -1.323230e-02 2.328613e-02 -6.907373e-02 5.174816e-02 4.736313e-02 -3.251473e-02 7.378106e-02 1.169468e-02 -3.052154e-02 -1.047688e-03 -2.302177e-03 2.885364e-02 -2.590256e-02 3.134515e-03
-3.376334e-02 -7.871427e-02 5.761840e-01 3.585051e-02 1.335290e-03 3.499268e-02 6.117245e-02 5.410030e-02 2.356804e-02 3.557023e-03 -7.254711e-02 -2.320333e-03 8.525053e-02 -2.983098e-03 2.063913e-02 -3.720854e-02 -6.224652e-02 1.342386e-02 -2.030450e-02 1.713515e-02 -9.312719e-02 1.277503e-02 -4.100118e-02 1.412058e-02 1.034504e-02 -4.782395e-02 -3.509239e-02 -3.963875e-03 4.209549e-02 2.723612e-02 9.398910e-02 6.927963e-03
-5.883423e-02 -1.133097e-01 3.585051e-02 6.031970e-01 -1.092826e-01 2.957779e-02 -8.601651e-02 -1.670311e-02 -3.518008e-03 1.907229e-02 -6.657714e-02 -5.236433e-03 -5.159636e-02 4.306341e-02 -6.503971e-03 1.293854e-02 -7.931131e-02 8.573979e-03 1.869643e-02 -3.585269e-02 -2.150195e-02 7.625515e-03 -8.326843e-03 -8.868817e-04 2.295311e-02 1.938128e-02 5.311034e-02 -1.071532e-01 -4.967053e-02 -5.330131e-04 1.041600e-01 2.153825e-03
-7.612176e-02 4.691853e-02 1.335290e-03 -1.092826e-01 6.040756e-01 -4.074434e-02 -2.593190e-02 7.554670e-02 5.692345e-03 -4.840757e-03 -7.701937e-02 7.762886e-02 -1.172449e-02 7.677186e-02 -1.200094e-01 -3.780333e-02 2.332246e-02 2.637422e-02 -1.559840e-01 7.130269e-04 8.014201e-02 -1.859762e-02 -3.239641e-02 -2.123848e-02 1.414845e-02 2.341293e-04 -2.763148e-02 -4.713777e-02 -3.894961e-02 -4.354754e-02 2.782010e-03 3.918270e-02
-5.865665e-02 2.593798e-02 3.499268e-02 2.957779e-02 -4.074434e-02 5.866437e-01 -3.844935e-02 -3.613097e-02 1.079841e-03 3.578506e-04 1.291450e-02 2.773739e-02 7.300591e-03 3.882978e-02 6.440533e-02 -7.601309e-03 9.543391e-03 4.381707e-02 6.815793e-02 -4.275659e-03 6.625479e-02 -4.808045e-03 2.437868e-02 1.406030e-02 -2.205949e-02 -6.335746e-02 8.313367e-02 -4.258606e-02 4.322080e-02 5.584017e-02 -6.471274e-03 -2.417598e-02
8.542507e-03 -3.823799e-03 6.117245e-02 -8.601651e-02 -2.593190e-02 -3.844935e-02 6.045674e-01 -5.323156e-02 5.598271e-02 -8.532949e-02 -9.657047e-02 -9.980764e-03 -6.476439e-03 7.299282e-03 -2.721290e-02 -7.520906e-02 -7.988190e-03 4.050339e-02 3.487116e-02 6.518620e-02 -3.444656e-02 4.355614e-02 -3.065737e-03 1.242413e-01 -9.183050e-02 3.199165e-02 8.038700e-02 1.349261e-03 -4.070659e-02 9.193136e-02 6.840268e-02 -4.817677e-02
-5.608561e-02 -1.137160e-02 5.410030e-02 -1.670311e-02 7.554670e-02 -3.613097e-02 -5.323156e-02 5.168372e-01 -9.379680e-03 2.639427e-02 2.052792e-02 -2.981887e-04 1.837289e-02 -2.423962e-04 -1.267089e-02 -6.709749e-02 -3.619773e-02 9.303213e-02 1.086970e-01 -7.375837e-03 -4.786706e-02 5.127914e-02 -8.538710e-02 2.193858e-03 2.659515e-02 -2.066095e-02 -2.630596e-02 1.533749e-02 1.654396e-02 1.366539e-02 1.075896e-02 4.613123e-03
-6.240563e-02 -2.129845e-02 2.356804e-02 -3.518008e-03 5.692345e-03 1.079841e-03 5.598271e-02 -9.379680e-03 6.776115e-01 -9.341831e-02 -5.904280e-02 -1.555384e-02 5.400090e-02 5.330679e-02 -6.536766e-02 3.397045e-02 4.821982e-02 1.266781e-03 -5.512042e-02 -2.157162e-02 -5.785214e-02 4.323917e-02 -1.885818e-02 -1.119021e-01 1.954287e-02 3.879863e-02 -3.822467e-02 -1.006021e-01 -2.007678e-02 2.652364e-02 4.315561e-02 1.819453e-02
-4.845127e-03 3.855836e-02 3.557023e-03 1.907229e-02 -4.840757e-03 3.578506e-04 -8.532949e-02 2.639427e-02 -9.341831e-02 5.440112e-01 1.420897e-03 1.322040e-02 -6.745101e-02 1.443908e-01 1.138102e-01 2.918609e-02 -5.313642e-02 -2.198246e-02 -1.454170e-02 -2.412425e-02 -1.098941e-01 -2.464079e-02 -6.095435e-02 1.682154e-02 9.640232e-02 3.644819e-02 5.196100e-02 -7.418233e-03 -1.280876e-01 4.244484e-02 -5.545610e-02 1.156424e-02
2.800622e-02 -2.168928e-02 -7.254711e-02 -6.657714e-02 -7.701937e-02 1.291450e-02 -9.657047e-02 2.052792e-02 -5.904280e-02 1.420897e-03 4.952215e-01 8.775755e-02 -3.823250e-03 -3.321864e-02 -2.747140e-02 -7.714144e-02 -8.946375e-03 9.611282e-03 -5.246376e-02 -4.265944e-02 -3.782535e-02 -1.314498e-02 -1.248948e-04 4.206980e-03 -2.359870e-02 -3.966225e-02 -1.934654e-02 3.999076e-02 -1.130514e-02 -2.672356e-02 5.332444e-02 -1.444778e-03
-2.716690e-02 -2.541738e-02 -2.320333e-03 -5.236433e-03 7.762886e-02 2.773739e-02 -9.980764e-03 -2.981887e-04 -1.555384e-02 1.322040e-02 8.775755e-02 5.164178e-01 8.718207e-02 -4.459046e-03 -2.975544e-02 -1.859718e-02 -6.232230e-02 2.529363e-03 -7.948097e-02 1.930858e-02 8.547447e-02 -5.622321e-02 -5.155412e-02 6.134550e-02 2.487798e-02 1.073465e-01 7.969194e-02 -1.596422e-02 1.001056e-01 1.403034e-01 -3.252629e-02 3.112475e-02
-7.227340e-02 1.640062e-03 8.525053e-02 -5.159636e-02 -1.172449e-02 7.300591e-03 -6.476439e-03 1.837289e-02 5.400090e-02 -6.745101e-02 -3.823250e-03 8.718207e-02 5.496022e-01 6.850531e-02 1.263791e-01 1.037012e-01 6.599120e-03 -3.828508e-02 -1.109445e-02 -3.115216e-02 -5.548400e-02 2.445733e-02 7.730721e-02 -8.998787e-03 6.674640e-02 8.559183e-02 4.720109e-02 -5.735205e-02 3.708616e-02 -4.107345e-02 7.929062e-03 -3.773723e-02
2.127181e-02 -8.515333e-02 -2.983098e-03 4.306341e-02 7.677186e-02 3.882978e-02 7.299282e-03 -2.423962e-04 5.330679e-02 1.443908e-01 -3.321864e-02 -4.459046e-03 6.850531e-02 4.990693e-01 4.223298e-02 -3.111764e-03 1.474560e-02 2.175830e-03 -4.590898e-02 -8.067352e-02 -6.303820e-02 1.559686e-02 -2.776570e-02 1.157700e-02 -3.492459e-02 1.432801e-02 -5.767362e-02 2.698862e-03 -6.527152e-02 -6.826823e-02 -9.192287e-02 -4.394958e-02
3.897508e-02 7.672495e-02 2.063913e-02 -6.503971e-03 -1.200094e-01 6.440533e-02 -2.721290e-02 -1.267089e-02 -6.536766e-02 1.138102e-01 -2.747140e-02 -2.975544e-02 1.263791e-01 4.223298e-02 6.108409e-01 3.609115e-02 4.042799e-02 4.540571e-02 -8.250393e-02 3.157707e-02 8.683181e-02 3.100954e-02 -4.461777e-02 1.831334e-02 -4.143649e-03 -2.657420e-02 3.421668e-02 -2.799746e-02 -2.599123e-02 -3.200019e-02 -3.896282e-02 -1.933496e-02
3.019467e-03 -7.373498e-03 -3.720854e-02 1.293854e-02 -3.780333e-02 -7.601309e-03 -7.520906e-02 -6.709749e-02 3.397045e-02 2.918609e-02 -7.714144e-02 -1.859718e-02 1.037012e-01 -3.111764e-03 3.609115e-02 4.607807e-01 -3.133469e-02 -1.161908e-01 2.341897e-02 -6.978778e-03 4.945053e-02 5.924448e-02 1.617448e-02 1.713751e-03 6.402805e-02 -4.471916e-02 5.361097e-02 -2.141499e-02 -1.016923e-01 2.821450e-02 4.502943e-02 3.722665e-02
1.864358e-02 -4.427136e-02 -6.224652e-02 -7.931131e-02 2.332246e-02 9.543391e-03 -7.988190e-03 -3.619773e-02 4.821982e-02 -5.313642e-02 -8.946375e-03 -6.232230e-02 6.599120e-03 1.474560e-02 4.042799e-02 -3.133469e-02 4.629369e-01 5.057934e-02 1.311763e-02 -4.803545e-03 -3.906266e-03 5.750135e-02 -2.351200e-02 -3.024074e-02 5.270315e-02 -8.637321e-02 -3.110055e-04 -5.024765e-03 1.242707e-01 -1.021766e-01 2.092917e-02 -3.878800e-02
-9.135355e-02 1.651174e-02 1.342386e-02 8.573979e-03 2.637422e-02 4.381707e-02 4.050339e-02 9.303213e-02 1.266781e-03 -2.198246e-02 9.611282e-03 2.529363e-03 -3.828508e-02 2.175830e-03 4.540571e-02 -1.161908e-01 5.057934e-02 6.313308e-01 -1.999553e-02 1.506997e-02 5.967850e-02 3.751201e-02 3.310711e-02 1.215734e-02 6.405689e-02 1.851800e-02 4.443644e-02 -1.978863e-02 -3.974709e-02 2.278214e-02 5.693063e-02 2.104491e-03
2.435462e-02 -1.323230e-02 -2.030450e-02 1.869643e-02 -1.559840e-01 6.815793e-02 3.487116e-02 1.086970e-01 -5.512042e-02 -1.454170e-02 -5.246376e-02 -7.948097e-02 -1.109445e-02 -4.590898e-02 -8.250393e-02 2.341897e-02 1.311763e-02 -1.999553e-02 6.206390e-01 4.613382e-02 -2.050238e-02 7.608006e-02 6.753536e-02 -7.563411e-02 -3.863204e-02 -5.813146e-02 2.248823e-02 2.710271e-02 -9.986954e-02 3.495527e-02 -4.310697e-02 -5.117569e-03
-1.040767e-02 2.328613e-02 1.713515e-02 -3.585269e-02 7.130269e-04 -4.275659e-03 6.518620e-02 -7.375837e-03 -2.157162e-02 -2.412425e-02 -4.265944e-02 1.930858e-02 -3.115216e-02 -8.067352e-02 3.157707e-02 -6.978778e-03 -4.803545e-03 1.506997e-02 4.613382e-02 6.583417e-01 3.411521e-02 -6.290745e-02 -4.499058e-02 1.735366e-01 3.368907e-02 2.752464e-02 3.960121e-02 -6.942184e-02 -7.512296e-02 -8.040371e-02 2.336320e-02 -1.184084e-04
-3.462516e-02 -6.907373e-02 -9.312719e-02 -2.150195e-02 8.014201e-02 6.625479e-02 -3.444656e-02 -4.786706e-02 -5.785214e-02 -1.098941e-01 -3.782535e-02 8.547447e-02 -5.548400e-02 -6.303820e-02 8.683181e-02 4.945053e-02 -3.906266e-03 5.967850e-02 -2.050238e-02 3.411521e-02 5.699362e-01 -4.113607e-02 1.150521e-01 -5.902466e-02 -1.030045e-02 -4.679730e-02 -4.843640e-03 1.058733e-02 3.411013e-03 -7.148909e-02 3.213081e-02 5.883074e-02
3.952119e-02 5.174816e-02 1.277503e-02 7.625515e-03 -1.859762e-02 -4.808045e-03 4.355614e-02 5.127914e-02 4.323917e-02 -2.464079e-02 -1.314498e-02 -5.622321e-02 2.445733e-02 1.559686e-02 3.100954e-02 5.924448e-02 5.750135e-02 3.751201e-02 7.608006e-02 -6.290745e-02 -4.113607e-02 4.919212e-01 -6.385799e-02 7.136974e-02 -1.425729e-02 5.442401e-03 -5.213179e-02 1.419786e-03 -7.341405e-03 -1.712301e-02 -1.053633e-02 -1.791287e-02
5.667875e-03 4.736313e-02 -4.100118e-02 -8.326843e-03 -3.239641e-02 2.437868e-02 -3.065737e-03 -8.538710e-02 -1.885818e-02 -6.095435e-02 -1.248948e-04 -5.155412e-02 7.730721e-02 -2.776570e-02 -4.461777e-02 1.617448e-02 -2.351200e-02 3.310711e-02 6.753536e-02 -4.499058e-02 1.150521e-01 -6.385799e-02 5.162922e-01 7.139801e-03 5.041132e-02 -3.012648e-02 -6.723081e-03 -9.461659e-02 2.159594e-02 -5.392124e-02 5.880899e-02 7.637304e-02
3.904699e-02 -3.251473e-02 1.412058e-02 -8.868817e-04 -2.123848e-02 1.406030e-02 1.242413e-01 2.193858e-03 -1.119021e-01 1.682154e-02 4.206980e-03 6.134550e-02 -8.998787e-03 1.157700e-02 1.831334e-02 1.713751e-03 -3.024074e-02 1.215734e-02 -7.563411e-02 1.735366e-01 -5.902466e-02 7.136974e-02 7.139801e-03 5.595355e-01 2.230529e-02 -1.682787e-02 -1.067671e-02 -1.954022e-03 3.028440e-02 6.687132e-02 -6.789985e-02 7.256862e-02
-3.885231e-02 7.378106e-02 1.034504e-02 2.295311e-02 1.414845e-02 -2.205949e-02 -9.183050e-02 2.659515e-02 1.954287e-02 9.640232e-02 -2.359870e-02 2.487798e-02 6.674640e-02 -3.492459e-02 -4.143649e-03 6.402805e-02 5.270315e-02 6.405689e-02 -3.863204e-02 3.368907e-02 -1.030045e-02 -1.425729e-02 5.041132e-02 2.230529e-02 5.697522e-01 -7.689110e-02 1.258987e-02 -6.801792e-03 -3.390416e-02 -3.861006e-02 -8.290185e-02 -9.789184e-02
-8.556416e-02 1.169468e-02 -4.782395e-02 1.938128e-02 2.341293e-04 -6.335746e-02 3.199165e-02 -2.066095e-02 3.879863e-02 3.644819e-02 -3.966225e-02 1.073465e-01 8.559183e-02 1.432801e-02 -2.657420e-02 -4.471916e-02 -8.637321e-02 1.851800e-02 -5.813146e-02 2.752464e-02 -4.679730e-02 5.442401e-03 -3.012648e-02 -1.682787e-02 -7.689110e-02 5.036510e-01 -1.180753e-03 7.036746e-03 6.002182e-02 1.426939e-02 -6.295598e-02 -1.283356e-01
-4.901341e-03 -3.052154e-02 -3.509239e-02 5.311034e-02 -2.763148e-02 8.313367e-02 8.038700e-02 -2.630596e-02 -3.822467e-02 5.196100e-02 -1.934654e-02 7.969194e-02 4.720109e-02 -5.767362e-02 3.421668e-02 5.361097e-02 -3.110055e-04 4.443644e-02 2.248823e-02 3.960121e-02 -4.843640e-03 -5.213179e-02 -6.723081e-03 -1.067671e-02 1.258987e-02 -1.180753e-03 5.829490e-01 -4.344793e-02 1.527569e-02 -3.544021e-02 -1.836355e-02 5.517375e-02
-6.678875e-02 -1.047688e-03 -3.963875e-03 -1.071532e-01 -4.713777e-02 -4.258606e-02 1.349261e-03 1.533749e-02 -1.006021e-01 -7.418233e-03 3.999076e-02 -1.596422e-02 -5.735205e-02 2.698862e-03 -2.799746e-02 -2.141499e-02 -5.024765e-03 -1.978863e-02 2.710271e-02 -6.942184e-02 1.058733e-02 1.419786e-03 -9.461659e-02 -1.954022e-03 -6.801792e-03 7.036746e-03 -4.344793e-02 5.961625e-01 3.675163e-02 2.298079e-02 -1.801748e-02 -3.639701e-02
5.929211e-02 -2.302177e-03 4.209549e-02 -4.967053e-02 -3.894961e-02 4.322080e-02 -4.070659e-02 1.654396e-02 -2.007678e-02 -1.280876e-01 -1.130514e-02 1.001056e-01 3.708616e-02 -6.527152e-02 -2.599123e-02 -1.016923e-01 1.242707e-01 -3.974709e-02 -9.986954e-02 -7.512296e-02 3.411013e-03 -7.341405e-03 2.159594e-02 3.028440e-02 -3.390416e-02 6.002182e-02 1.527569e-02 3.675163e-02 5.728781e-01 -1.554204e-03 -7.910329e-02 -3.293910e-02
2.466099e-02 2.885364e-02 2.723612e-02 -5.330131e-04 -4.354754e-02 5.584017e-02 9.193136e-02 1.366539e-02 2.652364e-02 4.244484e-02 -2.672356e-02 1.403034e-01 -4.107345e-02 -6.826823e-02 -3.200019e-02 2.821450e-02 -1.021766e-01 2.278214e-02 3.495527e-02 -8.040371e-02 -7.148909e-02 -1.712301e-02 -5.392124e-02 6.687132e-02 -3.861006e-02 1.426939e-02 -3.544021e-02 2.298079e-02 -1.554204e-03 4.997895e-01 1.414857e-03 -1.000605e-03
1.408681e-02 -2.590256e-02 9.398910e-02 1.041600e-01 2.782010e-03 -6.471274e-03 6.840268e-02 1.075896e-02 4.315561e-02 -5.545610e-02 5.332444e-02 -3.252629e-02 7.929062e-03 -9.192287e-02 -3.896282e-02 4.502943e-02 2.092917e-02 5.693063e-02 -4.310697e-02 2.336320e-02 3.213081e-02 -1.053633e-02 5.880899e-02 -6.789985e-02 -8.290185e-02 -6.295598e-02 -1.836355e-02 -1.801748e-02 -7.910329e-02 1.414857e-03 4.675741e-01 -2.844849e-02
-1.482165e-01 3.134515e-03 6.927963e-03 2.153825e-03 3.918270e-02 -2.417598e-02 -4.817677e-02 4.613123e-03 1.819453e-02 1.156424e-02 -1.444778e-03 3.112475e-02 -3.773723e-02 -4.394958e-02 -1.933496e-02 3.722665e-02 -3.878800e-02 2.104491e-03 -5.117569e-03 -1.184084e-04 5.883074e-02 -1.791287e-02 7.637304e-02 7.256862e-02 -9.789184e-02 -1.283356e-01 5.517375e-02 -3.639701e-02 -3.293910e-02 -1.000605e-03 -2.844849e-02 5.544791e-01
3.882610e-01 8.499516e-03 8.939463e-01 7.999937e-01 5.333658e-01 6.642025e-01 8.981312e-01 5.190621e-01 2.826109e-01 2.873401e-01 7.157540e-01 3.354287e-01 7.315853e-01 3.921881e-01 2.214252e-01 8.163069e-01 8.580523e-01 1.202768e-02 8.625623e-01 2.375471e-01 6.265273e-01 1.586416e-01 4.003154e-01 7.577752e-01 7.541160e-01 9.712985e-01 2.645513e-01 4.265148e-02 3.691911e-01 3.559642e-01 4.752396e-01 4.895954e-01 