4.611018e-01 -3.821306e-03 2.682602e-02 -5.827938e-03 -9.393835e-03 4.327884e-02 2.761934e-02 4.421158e-02 -3.269906e-02 1.305227e-02 -1.041589e-02 4.066831e-03 5.037957e-03 -2.293796e-02 7.167183e-02 -4.100292e-02 3.115684e-02 6.376001e-02 3.006096e-02 -7.420712e-03 5.275707e-02 -2.450802e-02 -9.444193e-02 5.528133e-03 -2.412394e-02 -4.029840e-02 -6.792498e-04 1.436313e-02 -7.454217e-02 -1.270010e-02 -2.218754e-03 1.072042e-01 -3.573892e-02 -6.073540e-04 -4.280722e-02 2.018749e-02 4.029086e-02 -1.660639e-02 1.840359e-02 -5.153969e-03 -2.552916e-02 2.663874e-02 1.764012e-02 -3.504170e-02 -4.076591e-02 3.174230e-02 -2.117563e-02 5.088980e-02 2.795978e-02 -2.732914e-02 -1.148795e-02 1.490737e-02 -1.075386e-01 9.893785e-02 2.501367e-02 -3.565613e-02 -1.055335e-03 1.723616e-03 -1.298025e-02 -3.552857e-03 3.838658e-02 8.051571e-02 1.948470e-02 3.199713e-02
-3.821306e-03 4.684246e-01 5.611433e-02 -2.715552e-02 -1.285671e-02 5.217503e-02 -4.337483e-03 -4.415262e-02 2.166104e-03 2.498278e-02 -1.961721e-02 -9.676989e-03 1.771683e-02 -2.658375e-03 -5.842416e-02 -2.238840e-02 -2.747204e-02 6.783746e-02 -6.631989e-02 -7.418663e-02 3.643670e-02 -2.466779e-02 9.654309e-03 4.223033e-02 1.485968e-03 4.996683e-02 -2.590607e-02 3.225747e-02 -3.887665e-02 7.121633e-02 -2.329926e-02 4.692260e-02 -3.340660e-03 -1.078019e-01 2.131541e-02 -5.986540e-02 2.921863e-02 -6.050377e-02 7.774868e-02 -3.101606e-02 7.353392e-02 -2.730118e-02 4.824324e-03 -7.292433e-06 1.865038e-03 -1.849788e-02 5.952093e-02 5.773964e-02 1.696161e-03 -2.486507e-02 -2.565753e-02 -5.284469e-03 -1.487173e-02 -5.646911e-02 -9.933117e-03 3.616331e-02 8.743487e-03 3.216545e-02 -5.620322e-03 2.043126e-02 -1.327425e-02 -6.721175e-02 -2.312379e-02 1.244756e-02
2.682602e-02 5.611433e-02 4.393844e-01 -1.371244e-02 1.461793e-02 2.553563e-02 -2.604748e-03 4.669831e-02 -5.186944e-02 -2.524757e-02 8.117473e-02 5.060223e-02 -9.795298e-03 -4.583507e-02 -6.264130e-02 2.076267e-02 -1.852010e-02 -4.498950e-02 -1.576866e-02 1.456675e-02 7.892257e-03 8.094524e-02 -1.899449e-02 -4.904301e-02 -2.584384e-02 1.196239e-03 5.517559e-02 -3.530889e-02 5.026855e-02 3.808596e-02 1.082160e-02 2.108441e-02 6.593619e-03 4.071908e-02 4.241824e-02 1.386270e-02 3.660520e-03 -4.088549e-02 -3.152883e-03 5.228858e-02 -1.625531e-02 -2.233787e-02 2.502044e-02 -5.159143e-02 1.027766e-01 2.681105e-03 1.891135e-02 2.006336e-02 -2.114428e-02 -2.799688e-02 2.494137e-03 -1.867949e-02 -2.410267e-02 1.593361e-03 -3.514606e-02 7.345593e-02 2.006318e-02 1.489525e-02 8.376176e-03 2.919032e-02 -2.933517e-03 2.397985e-02 -3.257772e-03 -9.138031e-02
-5.827938e-03 -2.715552e-02 -1.371244e-02 5.001038e-01 7.139233e-02 3.516388e-02 -5.275662e-02 1.171070e-02 -7.843429e-02 1.932690e-02 2.473175e-03 2.394965e-02 3.964266e-02 2.940885e-02 -7.684106e-02 3.270726e-02 1.836769e-02 -4.098172e-02 1.256199e-02 -3.846079e-02 -1.628976e-02 -1.444218e-02 -4.752209e-02 5.554642e-02 -4.576299e-03 1.674021e-02 5.449163e-02 -2.609281e-02 -8.245775e-03 -2.611176e-02 5.314897e-02 2.623805e-02 1.088790e-02 1.476218e-02 -6.832871e-02 -4.090922e-02 -2.231647e-02 2.221300e-02 -6.118968e-02 -2.263912e-02 -6.177441e-02 9.961998e-04 -9.799999e-03 5.562940e-02 9.628767e-03 -2.066259e-02 5.077164e-03 2.771818e-02 6.828727e-03 7.784089e-02 -9.800388e-03 -4.895762e-02 4.961171e-02 -1.030368e-02 2.975632e-02 -1.114949e-02 1.624901e-02 -4.694887e-02 3.971280e-02 2.317605e-02 -4.247887e-02 1.018280e-01 -7.824887e-03 -3.656491e-02
-9.393835e-03 -1.285671e-02 1.461793e-02 7.139233e-02 4.720081e-01 -2.256106e-02 1.049565e-01 4.120159e-04 -4.180251e-02 3.183943e-02 -3.607083e-02 2.492038e-02 -5.392126e-02 4.690938e-02 -4.788561e-02 -2.241885e-02 1.395391e-02 -1.602195e-02 -4.284544e-02 -1.364969e-02 -4.445439e-02 -9.130749e-03 -2.210721e-02 7.618686e-02 6.921315e-03 -1.153186e-02 -6.352715e-03 -5.875986e-04 -5.711559e-02 -3.317961e-02 5.430588e-02 -4.307569e-02 5.765430e-02 -1.631721e-02 2.729372e-02 2.007982e-02 1.352051e-02 -1.470204e-02 1.244717e-02 -7.152811e-02 1.273014e-01 3.078316e-02 3.049161e-02 2.582564e-02 7.827406e-02 -3.454347e-02 -2.662466e-02 -1.239998e-02 3.173348e-02 4.851221e-02 -2.449405e-02 -2.879364e-02 4.219349e-02 -1.643076e-02 1.313882e-02 6.624825e-02 2.380642e-02 -7.263167e-03 1.043962e-02 4.052277e-02 -3.352899e-02 1.477700e-02 4.483006e-02 3.008942e-02
4.327884e-02 5.217503e-02 2.553563e-02 3.516388e-02 -2.256106e-02 4.229064e-01 3.091711e-02 1.694139e-02 1.601854e-02 3.983726e-02 1.373981e-02 3.020866e-02 -7.408270e-03 9.216360e-03 2.675666e-03 2.494050e-02 7.839611e-02 2.082883e-03 -4.215336e-02 4.273709e-02 -7.739344e-03 6.302688e-02 -2.475129e-02 -6.955318e-03 8.005756e-03 -2.465438e-02 3.056060e-02 3.377779e-02 1.410800e-02 -5.739081e-02 3.824612e-02 5.585144e-02 7.407198e-02 -3.213389e-02 3.074623e-02 5.090706e-03 -9.187797e-03 1.894730e-02 4.359495e-02 1.265560e-02 -2.846882e-02 1.982726e-02 -4.273297e-02 9.030613e-02 -3.662974e-03 3.321714e-02 3.291962e-02 -1.849914e-02 -3.228128e-02 -3.371196e-02 3.486093e-02 2.318786e-02 -1.223026e-02 -1.516591e-02 -4.243773e-02 1.466806e-03 4.099961e-02 -5.959335e-02 1.834122e-02 -1.442825e-01 -1.438489e-02 1.679588e-02 9.997823e-03 -4.410910e-02
2.761934e-02 -4.337483e-03 -2.604748e-03 -5.275662e-02 1.049565e-01 3.091711e-02 4.738836e-01 -8.330105e-02 -9.522237e-03 4.359418e-02 3.667293e-02 2.178513e-02 6.592127e-02 -3.222354e-03 -1.928006e-02 -1.885564e-02 2.153143e-02 3.151869e-02 4.390111e-02 1.081415e-02 -4.542489e-02 1.124221e-02 5.648393e-02 -2.769355e-03 1.154960e-02 -3.713530e-02 8.985433e-03 -5.001425e-02 -4.699270e-02 3.386319e-02 -4.093095e-02 -7.198057e-02 4.216699e-02 -2.291515e-02 6.916124e-02 3.234037e-02 -2.554773e-02 -1.617301e-03 2.486927e-02 3.761099e-04 3.258144e-02 6.443967e-02 -6.885138e-02 1.989065e-02 2.428269e-03 1.436639e-02 -6.611208e-03 -1.970972e-02 1.892280e-02 -7.870969e-02 -1.250171e-02 -5.540080e-03 -3.696845e-02 6.804767e-03 4.424547e-02 7.131205e-02 -3.389149e-02 -1.676346e-02 1.367513e-02 2.391957e-02 -1.765504e-02 1.277768e-02 -4.815860e-03 1.587594e-02
4.421158e-02 -4.415262e-02 4.669831e-02 1.171070e-02 4.120159e-04 1.694139e-02 -8.330105e-02 4.924177e-01 -2.291659e-02 6.883643e-02 -7.383186e-02 1.399373e-02 1.193560e-02 -2.203451e-02 -1.878743e-02 -2.077968e-02 1.949454e-03 -7.699628e-02 -1.723170e-02 -5.709052e-02 -8.974959e-03 7.397244e-02 -3.457190e-02 8.743249e-03 2.189320e-03 7.082667e-03 9.715362e-03 7.973414e-03 -7.812003e-03 -2.136355e-02 4.998849e-02 4.187231e-02 -9.936949e-02 4.505343e-02 -2.913632e-02 -3.217450e-02 1.432136e-02 -3.920133e-04 3.299886e-02 -8.076888e-03 2.759623e-02 1.598793e-02 -5.120083e-02 2.083338e-02 -6.433734e-02 -1.217269e-02 9.447793e-04 -6.713053e-02 -2.657735e-02 6.841772e-02 -4.797748e-02 1.354429e-03 1.858882e-02 -2.493572e-02 2.243634e-02 2.793328e-02 1.825680e-02 -5.330053e-02 -1.025863e-02 1.198939e-02 6.298567e-02 3.035113e-02 -1.359509e-02 -2.692935e-04
-3.269906e-02 2.166104e-03 -5.186944e-02 -7.843429e-02 -4.180251e-02 1.601854e-02 -9.522237e-03 -2.291659e-02 5.348750e-01 -2.400985e-02 7.308642e-03 5.748913e-03 2.702937e-03 9.367856e-03 -6.140762e-02 -2.804610e-02 -4.320109e-04 -1.146069e-02 -1.006293e-02 -1.937168e-02 -2.924772e-03 -4.351556e-02 -5.647166e-02 -2.232656e-02 2.970366e-02 3.136362e-02 2.643617e-02 7.603475e-02 -6.777529e-02 -2.461684e-02 -1.829117e-02 -4.702125e-02 -6.689219e-03 4.418636e-02 -2.931547e-03 -2.156695e-02 2.297422e-02 -3.641757e-02 1.810451e-02 -2.479168e-02 -2.428034e-02 -6.507890e-02 6.131431e-02 1.986698e-02 2.333219e-02 -1.508646e-02 -4.851472e-03 -3.077257e-02 1.658441e-02 -6.242000e-02 -8.756254e-02 2.216311e-02 -2.340338e-02 1.743205e-02 3.151558e-02 -9.172087e-02 -1.015885e-01 8.916275e-03 8.961296e-03 -5.699427e-02 4.855584e-02 -5.045000e-02 1.138457e-01 -1.485320e-03
1.305227e-02 2.498278e-02 -2.524757e-02 1.932690e-02 3.183943e-02 3.983726e-02 4.359418e-02 6.883643e-02 -2.400985e-02 5.311826e-01 6.076815e-02 -2.102353e-02 -6.224922e-02 -2.582268e-02 2.908551e-02 -1.278884e-02 9.934053e-03 -8.274287e-02 3.353589e-02 -4.454296e-03 7.892670e-02 -5.752569e-02 4.638430e-03 -3.199050e-02 -2.948669e-03 -3.157794e-03 4.019518e-02 3.076873e-02 -7.545291e-03 9.667192e-03 -7.494582e-03 -4.229811e-03 -8.842380e-02 -2.052970e-02 7.642352e-02 1.487943e-02 3.969546e-02 -3.914851e-02 4.253522e-02 -3.316153e-02 1.617415e-02 5.783742e-02 6.035417e-03 1.257458e-01 2.370933e-02 -8.124605e-03 -1.266270e-01 1.600699e-02 -1.049671e-02 -7.714080e-03 -2.008581e-02 -1.214663e-01 -9.123279e-03 -4.454441e-02 -3.436910e-02 -8.292262e-02 -8.342469e-03 1.479577e-02 -2.381908e-02 5.358045e-02 -2.038013e-02 2.273930e-02 -1.216953e-02 -4.994874e-02
-1.041589e-02 -1.961721e-02 8.117473e-02 2.473175e-03 -3.607083e-02 1.373981e-02 3.667293e-02 -7.383186e-02 7.308642e-03 6.076815e-02 5.129173e-01 3.423309e-03 -6.369623e-02 -1.030016e-02 1.406388e-02 -1.692256e-02 4.689671e-02 1.658921e-02 4.041408e-03 -1.621695e-02 2.650534e-03 2.166958e-02 -3.693762e-03 1.255003e-02 -3.027141e-02 2.459784e-02 -1.121808e-02 -2.813813e-02 5.910630e-02 4.597499e-02 -6.353552e-02 2.100926e-02 2.982310e-02 7.638444e-03 5.567413e-02 -8.092177e-03 3.248526e-02 -5.839280e-03 1.016951e-02 -1.805395e-02 -5.577712e-02 1.902690e-02 5.679438e-02 6.632932e-02 8.481508e-02 -9.168196e-03 6.141032e-02 -2.992064e-02 7.699845e-02 6.542667e-02 2.321158e-02 -2.152316e-02 1.689522e-02 7.188406e-02 -7.244586e-02 -5.101300e-02 -1.572106e-02 3.847779e-03 2.206565e-02 9.149741e-03 3.711831e-03 2.526008e-02 4.970411e-02 -1.283393e-02
4.066831e-03 -9.676989e-03 5.060223e-02 2.394965e-02 2.492038e-02 3.020866e-02 2.178513e-02 1.399373e-02 5.748913e-03 -2.102353e-02 3.423309e-03 4.905561e-01 2.109467e-02 4.512979e-02 2.174976e-02 -2.918668e-02 4.369847e-02 -6.087502e-03 -2.333172e-02 -6.620868e-02 -3.407882e-02 1.852938e-02 -4.195351e-02 -1.272210e-02 1.471340e-03 2.616494e-02 3.542472e-02 -3.053084e-02 2.586490e-02 5.307429e-02 -2.892692e-02 -2.917463e-02 1.565028e-03 -1.472970e-03 4.967529e-02 8.615560e-02 -5.753534e-02 -7.242957e-02 -3.984689e-02 -2.799906e-03 -5.016179e-02 4.748864e-02 -1.259362e-02 -2.588870e-02 -1.275003e-02 1.293345e-02 -1.910222e-02 5.333170e-03 8.588588e-03 -3.654368e-02 7.599898e-02 3.815732e-02 6.615976e-04 -1.197537e-03 1.171687e-02 -1.156409e-02 -2.339888e-03 -4.307000e-02 -4.468308e-03 -2.966183e-02 -5.725470e-02 3.452990e-02 1.074553e-01 -1.644735e-02
5.037957e-03 1.771683e-02 -9.795298e-03 3.964266e-02 -5.392126e-02 -7.408270e-03 6.592127e-02 1.193560e-02 2.702937e-03 -6.224922e-02 -6.369623e-02 2.109467e-02 4.548116e-01 -7.838878e-02 -5.706296e-03 4.088556e-02 1.996244e-02 4.629232e-02 1.866152e-02 1.756126e-02 4.425469e-02 6.299266e-02 6.343538e-02 -2.801127e-02 -3.282041e-02 -7.548519e-03 -3.647595e-02 4.390413e-03 2.006427e-02 5.436534e-03 3.753486e-02 1.996178e-02 -4.101943e-02 -3.923299e-02 2.894523e-02 -2.112616e-02 -2.115692e-02 -8.708097e-02 -3.991181e-03 -7.458406e-02 1.475074e-02 -4.929848e-02 -3.846297e-02 -1.791010e-02 -5.414742e-02 4.277760e-02 3.194566e-02 6.092799e-02 8.195527e-03 -1.414244e-02 -5.471889e-02 -2.085674e-02 3.487650e-02 1.433536e-02 -1.977280e-03 3.152295e-02 -5.381296e-02 -3.960311e-02 6.133103e-02 1.234921e-02 -2.363230e-02 -8.281472e-03 3.015065e-02 -9.640756e-03
-2.293796e-02 -2.658375e-03 -4.583507e-02 2.940885e-02 4.690938e-02 9.216360e-03 -3.222354e-03 -2.203451e-02 9.367856e-03 -2.582268e-02 -1.030016e-02 4.512979e-02 -7.838878e-02 4.887328e-01 2.377687e-02 -1.673574e-02 5.128906e-02 5.889481e-02 -7.396740e-02 -5.870871e-02 3.513321e-02 4.750900e-02 -1.675472e-02 1.573578e-02 -1.429980e-03 4.308403e-02 3.909126e-02 -3.401093e-02 -1.955920e-03 -7.015722e-02 -6.640898e-02 -7.534044e-02 -1.582688e-02 -1.451591e-02 5.092043e-02 -4.525691e-02 -4.226257e-03 2.883124e-02 -7.038130e-02 2.004301e-02 -2.190042e-02 3.939213e-04 4.228894e-03 9.822246e-03 2.355735e-02 5.474334e-02 -3.155437e-02 -2.517221e-02 2.014227e-02 4.666254e-02 1.190817e-02 1.811540e-02 -1.108012e-02 -3.821355e-02 2.912403e-02 1.888956e-02 1.641712e-02 -3.685649e-02 -6.493764e-02 1.008077e-02 -2.519436e-02 -6.658382e-02 -1.283570e-02 5.538263e-02
7.167183e-02 -5.842416e-02 -6.264130e-02 -7.684106e-02 -4.788561e-02 2.675666e-03 -1.928006e-02 -1.878743e-02 -6.140762e-02 2.908551e-02 1.406388e-02 2.174976e-02 -5.706296e-03 2.377687e-02 4.545530e-01 5.503386e-03 -4.089197e-02 3.849661e-02 2.926308e-02 8.229721e-03 2.288562e-03 2.584304e-02 -3.450136e-02 -7.333974e-03 4.057025e-02 -3.799390e-02 1.117118e-02 3.183206e-02 -1.057925e-02 -1.011543e-02 -3.228905e-02 -3.515377e-02 1.163822e-02 4.147647e-02 -1.429083e-02 -9.303680e-04 4.566344e-02 -1.017385e-02 1.443953e-02 -8.203752e-03 -3.944164e-02 6.790193e-02 8.686783e-03 -2.186357e-02 -2.310158e-02 3.493039e-02 -3.649868e-03 1.121034e-01 1.431716e-02 -2.242854e-02 -3.530725e-02 -3.000017e-02 3.243789e-02 -1.498509e-02 -3.027929e-02 -7.788700e-03 2.769773e-02 -9.037939e-04 -4.471199e-02 2.167142e-02 1.459419e-02 -5.946232e-02 -4.235235e-02 -1.405143e-02
-4.100292e-02 -2.238840e-02 2.076267e-02 3.270726e-02 -2.241885e-02 2.494050e-02 -1.885564e-02 -2.077968e-02 -2.804610e-02 -1.278884e-02 -1.692256e-02 -2.918668e-02 4.088556e-02 -1.673574e-02 5.503386e-03 4.572179e-01 4.452890e-03 2.088086e-02 7.663798e-02 -4.873935e-02 -1.639736e-02 -2.622228e-02 -7.064595e-03 -1.594137e-02 1.108536e-02 2.257143e-02 -1.773832e-02 3.947605e-03 -4.055938e-03 -1.612568e-02 6.587807e-02 2.195394e-02 -1.976709e-02 -1.007326e-01 -1.114395e-02 7.568518e-02 -3.309254e-02 1.838663e-02 -1.791964e-02 1.650332e-02 -6.017506e-02 -4.519001e-02 -5.222093e-02 -1.217760e-03 -5.649676e-02 -5.624546e-02 -5.621746e-02 -1.538286e-02 2.845864e-02 -1.265661e-02 -1.738118e-02 -1.149110e-01 -3.911292e-03 -5.426050e-03 -3.704066e-02 5.448634e-02 1.954743e-02 5.168169e-03 -4.535152e-02 -4.432745e-02 3.353497e-02 2.461334e-03 -2.407514e-02 -5.285954e-02
3.115684e-02 -2.747204e-02 -1.852010e-02 1.836769e-02 1.395391e-02 7.839611e-02 2.153143e-02 1.949454e-03 -4.320109e-04 9.934053e-03 4.689671e-02 4.369847e-02 1.996244e-02 5.128906e-02 -4.089197e-02 4.452890e-03 4.424936e-01 7.965350e-02 -3.783548e-03 -5.288258e-02 1.346199e-02 -4.392198e-02 5.359962e-02 4.496592e-02 -4.707452e-02 3.939397e-02 3.450828e-02 1.537002e-02 -3.450957e-02 1.395441e-02 3.768111e-03 -2.234240e-02 6.879177e-02 -6.455027e-03 9.942940e-03 -1.031846e-02 3.438198e-02 -1.697433e-02 1.060300e-01 -3.556968e-02 4.884444e-03 -5.713004e-03 -2.891166e-02 -9.090897e-03 -4.808763e-02 2.968627e-02 7.265944e-03 2.664160e-03 2.019929e-03 -1.921904e-02 5.743044e-02 -1.498833e-02 -2.550852e-03 -1.872905e-02 1.455033e-02 -3.688735e-02 7.823038e-02 1.950472e-02 3.443479e-02 -3.618051e-02 1.744576e-02 -4.348934e-03 3.881779e-02 -1.311607e-02
6.376001e-02 6.783746e-02 -4.498950e-02 -4.098172e-02 -1.602195e-02 2.082883e-03 3.151869e-02 -7.699628e-02 -1.146069e-02 -8.274287e-02 1.658921e-02 -6.087502e-03 4.629232e-02 5.889481e-02 3.849661e-02 2.088086e-02 7.965350e-02 4.867317e-01 1.366757e-02 -6.956692e-02 -1.995203e-02 -3.121247e-02 -6.979906e-04 -2.035843e-02 -5.440208e-03 -3.017349e-02 4.171204e-02 6.352967e-03 2.390059e-02 5.246510e-03 -1.991462e-02 -3.512192e-02 -5.312228e-02 1.267639e-03 -4.918050e-02 1.694510e-02 5.545280e-02 -1.020173e-02 7.387053e-02 3.826786e-02 -8.248271e-02 7.542833e-02 2.567138e-03 2.073936e-03 2.713197e-02 -5.808560e-02 -1.961911e-03 -3.845944e-02 5.869767e-02 2.538689e-02 -3.757295e-02 3.820536e-03 -3.137893e-02 2.931164e-03 -5.393893e-03 6.784521e-02 -7.056501e-02 -2.184782e-02 1.094657e-02 9.968852e-03 1.002167e-02 6.665800e-03 -4.650418e-02 3.211579e-02
3.006096e-02 -6.631989e-02 -1.576866e-02 1.256199e-02 -4.284544e-02 -4.215336e-02 4.390111e-02 -1.723170e-02 -1.006293e-02 3.353589e-02 4.041408e-03 -2.333172e-02 1.866152e-02 -7.396740e-02 2.926308e-02 7.663798e-02 -3.783548e-03 1.366757e-02 5.089981e-01 -3.807981e-02 -4.270329e-02 -6.010605e-02 4.323322e-02 -7.790618e-02 -4.190144e-02 -4.227806e-02 -1.130727e-02 4.111035e-02 -5.143288e-02 -2.942500e-02 6.066746e-02 3.492829e-02 -5.058257e-02 2.511352e-02 -2.225570e-02 5.495968e-02 1.344656e-02 4.969621e-02 -5.458771e-02 9.144757e-03 -2.617317e-02 -1.401753e-02 4.668436e-03 2.302454e-02 -6.728615e-03 1.705947e-02 2.423279e-02 -2.033879e-02 -7.260449e-03 4.916219e-02 4.167182e-02 2.772558e-02 -6.184066e-02 -7.669559e-03 -3.465892e-02 -4.643950e-02 1.631753e-02 4.073243e-02 -3.823949e-02 4.038026e-02 3.617185e-02 5.007082e-02 -5.574869e-03 1.537027e-02
-7.420712e-03 -7.418663e-02 1.456675e-02 -3.846079e-02 -1.364969e-02 4.273709e-02 1.081415e-02 -5.709052e-02 -1.937168e-02 -4.454296e-03 -1.621695e-02 -6.620868e-02 1.756126e-02 -5.870871e-02 8.229721e-03 -4.873935e-02 -5.288258e-02 -6.956692e-02 -3.807981e-02 5.465574e-01 -4.284512e-02 1.088539e-02 -8.187617e-02 -3.080039e-02 -1.526977e-02 -4.999615e-02 1.523419e-02 3.864208e-02 -6.405823e-04 -5.003036e-02 -2.236898e-02 2.714253e-02 1.830261e-02 5.605371e-02 1.955180e-02 -9.240051e-02 2.358798e-03 2.590597e-02 -6.271187e-02 -5.358529e-02 -4.805890e-02 -5.690022e-02 -2.488527e-02 3.129540e-02 6.880050e-04 -6.050350e-02 -3.474902e-02 6.508016e-02 -6.280483e-02 -8.173610e-03 -2.600096e-02 -4.649803e-02 6.972926e-03 7.214104e-03 -2.291006e-03 3.530380e-02 4.552359e-02 -3.754672e-02 6.295233e-03 3.973788e-02 4.904848e-03 -4.304874e-02 -1.667135e-02 3.102760e-02
5.275707e-02 3.643670e-02 7.892257e-03 -1.628976e-02 -4.445439e-02 -7.739344e-03 -4.542489e-02 -8.974959e-03 -2.924772e-03 7.892670e-02 2.650534e-03 -3.407882e-02 4.425469e-02 3.513321e-02 2.288562e-03 -1.639736e-02 1.346199e-02 -1.995203e-02 -4.270329e-02 -4.284512e-02 5.003384e-01 5.587493e-02 2.617297e-02 9.800724e-02 5.562888e-02 3.900477e-02 1.772407e-02 2.782891e-02 -2.532609e-02 5.599806e-02 -9.973206e-03 3.024389e-03 -1.017365e-02 2.863171e-02 -6.535125e-03 8.531997e-02 -3.816525e-02 -1.124159e-02 -6.999884e-02 -9.702869e-03 -3.050423e-02 -4.146769e-02 -4.204604e-02 -9.998501e-02 -2.072518e-02 -2.291854e-03 -1.237446e-02 -2.133961e-02 -1.123772e-02 2.230253e-03 -2.639752e-02 -4.305322e-02 3.260453e-02 1.922743e-03 2.308249e-02 3.165123e-02 3.994641e-02 4.294809e-02 4.727182e-02 -9.088416e-04 4.414333e-02 -6.299425e-02 4.794212e-02 -9.831586e-03
-2.450802e-02 -2.466779e-02 8.094524e-02 -1.444218e-02 -9.130749e-03 6.302688e-02 1.124221e-02 7.397244e-02 -4.351556e-02 -5.752569e-02 2.166958e-02 1.852938e-02 6.299266e-02 4.750900e-02 2.584304e-02 -2.622228e-02 -4.392198e-02 -3.121247e-02 -6.010605e-02 1.088539e-02 5.587493e-02 5.731838e-01 3.733359e-02 -3.741721e-02 -4.251237e-02 -1.525920e-02 -2.450109e-02 -2.987652e-02 1.189245e-02 -1.431900e-03 2.079910e-02 -5.092942e-02 6.109959e-02 7.097685e-02 2.184806e-02 -4.010442e-02 -4.287411e-02 3.675302e-02 -3.174883e-02 4.820063e-02 -4.264762e-02 4.078541e-02 4.836578e-03 1.221331e-02 -1.059035e-02 -3.858756e-02 2.382788e-02 -5.227199e-02 9.327050e-02 -6.866363e-03 -4.305262e-02 -2.121867e-02 -3.245668e-03 -7.036221e-03 -6.489032e-02 -4.466855e-02 -1.524817e-03 -9.439728e-02 7.422650e-03 3.472743e-02 -5.374595e-03 1.593890e-02 4.724441e-02 -5.627462e-02
-9.444193e-02 9.654309e-03 -1.899449e-02 -4.752209e-02 -2.210721e-02 -2.475129e-02 5.648393e-02 -3.457190e-02 -5.647166e-02 4.638430e-03 -3.693762e-03 -4.195351e-02 6.343538e-02 -1.675472e-02 -3.450136e-02 -7.064595e-03 5.359962e-02 -6.979906e-04 4.323322e-02 -8.187617e-02 2.617297e-02 3.733359e-02 3.973833e-01 1.326166e-02 -3.870235e-02 2.511223e-02 3.409110e-03 -4.623740e-03 -1.404545e-02 8.191470e-03 -2.897030e-02 -5.492824e-02 2.153868e-02 2.083611e-02 6.036537e-03 3.901859e-02 -1.077066e-02 -2.787206e-02 3.310642e-02 -6.702275e-03 3.927004e-02 4.363794e-03 1.522273e-02 -5.346420e-03 -7.875750e-02 5.486722e-02 6.922384e-02 6.676430e-03 -3.675507e-02 -4.696072e-02 5.643679e-02 -6.180472e-02 8.496457e-03 5.455720e-02 6.365314e-03 1.331719e-02 -5.050243e-03 7.163822e-02 -1.198031e-02 2.500611e-02 -7.593263e-02 6.399190e-03 2.664447e-02 1.368776e-02
5.528133e-03 4.223033e-02 -4.904301e-02 5.554642e-02 7.618686e-02 -6.955318e-03 -2.769355e-03 8.743249e-03 -2.232656e-02 -3.199050e-02 1.255003e-02 -1.272210e-02 -2.801127e-02 1.573578e-02 -7.333974e-03 -1.594137e-02 4.496592e-02 -2.035843e-02 -7.790618e-02 -3.080039e-02 9.800724e-02 -3.741721e-02 1.326166e-02 4.142425e-01 -1.521077e-02 -2.235290e-02 -1.534316e-02 1.724532e-02 -7.889302e-02 -3.124255e-02 2.552848e-02 -2.528120e-02 -1.932525e-02 5.619656e-02 -3.749504e-02 -1.276867e-02 -1.338864e-02 7.654617e-02 -1.563075e-02 -3.478830e-02 -1.292545e-02 4.826194e-03 -2.943954e-03 1.749213e-03 -5.129273e-02 -3.779038e-02 3.300701e-02 1.033043e-01 5.280280e-02 -1.660802e-02 -2.992869e-03 2.099804e-02 -1.190642e-02 3.649095e-03 4.629753e-02 -8.242058e-03 -2.918698e-03 -5.257383e-02 3.802672e-02 -3.699281e-02 -1.590283e-03 2.283581e-02 2.401917e-02 3.831636e-02
-2.412394e-02 1.485968e-03 -2.584384e-02 -4.576299e-03 6.921315e-03 8.005756e-03 1.154960e-02 2.189320e-03 2.970366e-02 -2.948669e-03 -3.027141e-02 1.471340e-03 -3.282041e-02 -1.429980e-03 4.057025e-02 1.108536e-02 -4.707452e-02 -5.440208e-03 -4.190144e-02 -1.526977e-02 5.562888e-02 -4.251237e-02 -3.870235e-02 -1.521077e-02 4.633548e-01 -1.872035e-02 3.375352e-02 -3.219336e-02 5.142372e-02 -6.559197e-02 3.159693e-02 -2.277776e-02 5.951119e-02 3.560914e-02 -1.608895e-02 -4.236691e-02 -5.561074e-02 -8.827617e-03 9.227513e-03 1.460998e-02 -2.539387e-02 -3.882852e-02 -6.155100e-02 1.021034e-02 3.180336e-02 -6.188631e-02 -2.278655e-02 -4.040810e-03 -3.557550e-02 -3.660677e-02 -4.716807e-02 -2.446653e-02 -3.569636e-02 -6.495942e-03 6.688801e-02 -1.715147e-02 -3.977995e-02 -1.482333e-02 9.128884e-03 -1.534746e-02 -4.382941e-03 -5.658973e-02 -6.389945e-02 -4.546153e-02
-4.029840e-02 4.996683e-02 1.196239e-03 1.674021e-02 -1.153186e-02 -2.465438e-02 -3.713530e-02 7.082667e-03 3.136362e-02 -3.157794e-03 2.459784e-02 2.616494e-02 -7.548519e-03 4.308403e-02 -3.799390e-02 2.257143e-02 3.939397e-02 -3.017349e-02 -4.227806e-02 -4.999615e-02 3.900477e-02 -1.525920e-02 2.511223e-02 -2.235290e-02 -1.872035e-02 3.998350e-01 1.127342e-02 7.694240e-02 1.183386e-02 -1.078294e-02 3.657364e-02 1.411225e-02 -1.732248e-02 -6.593981e-02 -4.582067e-02 3.103208e-02 4.852397e-02 -7.160694e-02 -5.968499e-02 1.316406e-02 6.168764e-02 3.981719e-02 -2.824416e-03 -3.073437e-02 5.563902e-02 -3.538232e-02 8.730947e-03 -2.914642e-02 -1.239682e-02 2.932819e-03 1.045745e-02 -2.738356e-02 1.411378e-02 -3.680450e-02 -9.532110e-04 1.991486e-02 6.308575e-02 6.084241e-02 5.929420e-04 -7.000278e-02 -4.361906e-03 5.533625e-05 -4.985019e-03 1.187304e-01
-6.792498e-04 -2.590607e-02 5.517559e-02 5.449163e-02 -6.352715e-03 3.056060e-02 8.985433e-03 9.715362e-03 2.643617e-02 4.019518e-02 -1.121808e-02 3.542472e-02 -3.647595e-02 3.909126e-02 1.117118e-02 -1.773832e-02 3.450828e-02 4.171204e-02 -1.130727e-02 1.523419e-02 1.772407e-02 -2.450109e-02 3.409110e-03 -1.534316e-02 3.375352e-02 1.127342e-02 4.240093e-01 1.039817e-02 3.586000e-02 -3.347568e-02 -6.259298e-02 2.493812e-02 4.003582e-02 6.606677e-02 1.230874e-02 6.017720e-03 -7.873549e-03 -3.703711e-02 2.388235e-03 -1.016312e-02 -8.732486e-02 3.280858e-02 3.309715e-02 1.054584e-01 -3.089458e-02 -5.102484e-02 -8.458652e-03 -5.250294e-03 -2.221956e-02 -1.593359e-02 -1.456420e-03 -2.709747e-02 3.857445e-02 1.665747e-02 7.600314e-02 1.296254e-02 1.823642e-02 3.302619e-02 2.818878e-02 4.528895e-03 1.457714e-02 8.476235e-03 -1.725906e-02 6.881787e-02
1.436313e-02 3.225747e-02 -3.530889e-02 -2.609281e-02 -5.875986e-04 3.377779e-02 -5.001425e-02 7.973414e-03 7.603475e-02 3.076873e-02 -2.813813e-02 -3.053084e-02 4.390413e-03 -3.401093e-02 3.183206e-02 3.947605e-03 1.537002e-02 6.352967e-03 4.111035e-02 3.864208e-02 2.782891e-02 -2.987652e-02 -4.623740e-03 1.724532e-02 -3.219336e-02 7.694240e-02 1.039817e-02 4.497311e-01 -2.026302e-02 3.769030e-04 1.591335e-02 1.041951e-01 5.827673e-02 2.394761e-02 -9.435970e-02 6.086214e-02 8.632948e-02 9.203543e-03 -4.822782e-02 5.889862e-02 3.997224e-02 1.646894e-02 4.049205e-02 1.013139e-02 -6.237544e-02 -6.396206e-02 6.292795e-02 7.501268e-02 -5.089971e-02 1.117714e-02 1.655570e-02 -1.499154e-02 8.760469e-04 -2.494357e-02 1.329114e-02 -2.020263e-02 3.252396e-04 -7.919621e-02 -1.662445e-02 -1.526285e-02 -3.654630e-02 3.657082e-02 2.700485e-02 3.755102e-02
-7.454217e-02 -3.887665e-02 5.026855e-02 -8.245775e-03 -5.711559e-02 1.410800e-02 -4.699270e-02 -7.812003e-03 -6.777529e-02 -7.545291e-03 5.910630e-02 2.586490e-02 2.006427e-02 -1.955920e-03 -1.057925e-02 -4.055938e-03 -3.450957e-02 2.390059e-02 -5.143288e-02 -6.405823e-04 -2.532609e-02 1.189245e-02 -1.404545e-02 -7.889302e-02 5.142372e-02 1.183386e-02 3.586000e-02 -2.026302e-02 4.550638e-01 -2.094427e-02 4.878456e-02 2.892250e-02 -9.226975e-03 4.047228e-02 -3.018239e-03 2.242012e-02 -1.024877e-01 -1.650117e-02 1.028893e-02 -5.210558e-02 7.570454e-02 3.386323e-02 -7.824852e-02 3.580647e-02 5.187645e-02 -7.206237e-03 4.539395e-02 4.996730e-03 5.256596e-03 1.536778e-02 -8.015352e-02 2.304621e-02 2.524035e-02 -1.187683e-02 5.226716e-03 4.320751e-02 2.500978e-02 6.137763e-02 9.091579e-02 -6.675149e-02 -3.419342e-02 6.514965e-02 -2.714659e-02 1.771221e-02
-1.270010e-02 7.121633e-02 3.808596e-02 -2.611176e-02 -3.317961e-02 -5.739081e-02 3.386319e-02 -2.136355e-02 -2.461684e-02 9.667192e-03 4.597499e-02 5.307429e-02 5.436534e-03 -7.015722e-02 -1.011543e-02 -1.612568e-02 1.395441e-02 5.246510e-03 -2.942500e-02 -5.003036e-02 5.599806e-02 -1.431900e-03 8.191470e-03 -3.124255e-02 -6.559197e-02 -1.078294e-02 -3.347568e-02 3.769030e-04 -2.094427e-02 3.913016e-01 -9.503441e-03 -1.135006e-02 1.175590e-02 -2.765753e-02 9.196872e-03 2.455419e-02 1.089994e-01 -5.266320e-02 -2.298730e-02 3.456222e-02 -3.561562e-02 2.438010e-02 -2.761796e-02 -7.025293e-02 2.250460e-02 3.931080e-02 1.731596e-02 3.094167e-02 -1.162877e-02 -4.392285e-02 1.112223e-02 -6.632379e-02 3.362992e-02 -7.788218e-02 -4.329478e-02 1.663287e-02 -3.161034e-02 -8.059931e-02 1.345941e-02 3.813363e-02 -6.516192e-04 -1.809905e-02 1.178967e-02 2.257824e-02
-2.218754e-03 -2.329926e-02 1.082160e-02 5.314897e-02 5.430588e-02 3.824612e-02 -4.093095e-02 4.998849e-02 -1.829117e-02 -7.494582e-03 -6.353552e-02 -2.892692e-02 3.753486e-02 -6.640898e-02 -3.228905e-02 6.587807e-02 3.768111e-03 -1.991462e-02 6.066746e-02 -2.236898e-02 -9.973206e-03 2.079910e-02 -2.897030e-02 2.552848e-02 3.159693e-02 3.657364e-02 -6.259298e-02 1.591335e-02 4.878456e-02 -9.503441e-03 5.616491e-01 4.496370e-03 7.665308e-02 3.023043e-02 -5.224737e-02 -5.659711e-03 -2.556338e-02 -3.441976e-02 3.435760e-02 -5.992741e-03 2.932342e-02 -1.890212e-02 6.807192e-02 1.383564e-03 1.774535e-02 -1.320544e-02 -5.014720e-02 -3.535522e-02 -2.746860e-02 -1.592193e-02 -4.011555e-02 1.147284e-02 3.464851e-02 -7.451145e-03 -6.143721e-02 4.010191e-03 -3.842230e-02 -4.211507e-02 -3.444617e-02 9.654884e-03 -2.283777e-02 9.412512e-02 4.607631e-03 -2.434741e-03
1.072042e-01 4.692260e-02 2.108441e-02 2.623805e-02 -4.307569e-02 5.585144e-02 -7.198057e-02 4.187231e-02 -4.702125e-02 -4.229811e-03 2.100926e-02 -2.917463e-02 1.996178e-02 -7.534044e-02 -3.515377e-02 2.195394e-02 -2.234240e-02 -3.512192e-02 3.492829e-02 2.714253e-02 3.024389e-03 -5.092942e-02 -5.492824e-02 -2.528120e-02 -2.277776e-02 1.411225e-02 2.493812e-02 1.041951e-01 2.892250e-02 -1.135006e-02 4.496370e-03 4.368813e-01 2.756203e-02 -5.863927e-02 -1.191785e-02 -5.144007e-03 3.878519e-02 2.002791e-02 2.976486e-02 6.487162e-02 8.661945e-03 2.107566e-02 8.038823e-03 7.081954e-02 6.242514e-02 1.529399e-02 4.214532e-02 -5.921662e-03 -3.913407e-02 -3.169717e-02 -9.143177e-02 2.383787e-02 -3.845661e-02 -4.366226e-03 1.226682e-02 2.036031e-02 -2.749087e-02 -1.412962e-02 2.067698e-02 -4.114781e-02 6.155499e-02 7.232360e-03 2.887018e-03 2.530879e-03
-3.573892e-02 -3.340660e-03 6.593619e-03 1.088790e-02 5.765430e-02 7.407198e-02 4.216699e-02 -9.936949e-02 -6.689219e-03 -8.842380e-02 2.982310e-02 1.565028e-03 -4.101943e-02 -1.582688e-02 1.163822e-02 -1.976709e-02 6.879177e-02 -5.312228e-02 -5.058257e-02 1.830261e-02 -1.017365e-02 6.109959e-02 2.153868e-02 -1.932525e-02 5.951119e-02 -1.732248e-02 4.003582e-02 5.827673e-02 -9.226975e-03 1.175590e-02 7.665308e-02 2.756203e-02 4.382226e-01 -4.892457e-03 -1.834225e-02 -3.311090e-02 3.223894e-02 -4.404653e-04 5.749555e-02 4.603845e-02 -4.040761e-02 -6.943332e-02 1.362703e-02 -7.139228e-02 -2.147206e-02 3.491095e-02 4.738701e-02 -1.839933e-02 -9.842728e-03 3.944570e-02 1.315627e-02 -4.734612e-02 -1.561250e-03 2.602567e-02 -3.005397e-03 -3.710075e-02 5.016949e-02 -1.542289e-02 2.951763e-02 -1.683140e-02 -6.311403e-02 -9.463320e-03 -3.954784e-02 -8.060339e-03
-6.073540e-04 -1.078019e-01 4.071908e-02 1.476218e-02 -1.631721e-02 -3.213389e-02 -2.291515e-02 4.505343e-02 4.418636e-02 -2.052970e-02 7.638444e-03 -1.472970e-03 -3.923299e-02 -1.451591e-02 4.147647e-02 -1.007326e-01 -6.455027e-03 1.267639e-03 2.511352e-02 5.605371e-02 2.863171e-02 7.097685e-02 2.083611e-02 5.619656e-02 3.560914e-02 -6.593981e-02 6.606677e-02 2.394761e-02 4.047228e-02 -2.765753e-02 3.023043e-02 -5.863927e-02 -4.892457e-03 4.872881e-01 3.010058e-02 2.384563e-03 3.181488e-02 -1.029285e-03 -2.173649e-02 -3.622614e-02 9.894607e-03 -2.921267e-02 3.716452e-04 -9.560854e-03 1.485229e-02 2.506549e-02 -1.134628e-03 -6.835762e-03 -9.593154e-03 3.068104e-03 -2.558720e-02 5.931281e-02 -7.154108e-04 -2.924231e-02 -1.231748e-02 -5.208774e-03 -6.076555e-02 -3.315817e-03 -3.782728e-02 1.654924e-02 -2.959259e-02 5.625611e-02 5.094136e-03 4.327786e-02
-4.280722e-02 2.131541e-02 4.241824e-02 -6.832871e-02 2.729372e-02 3.074623e-02 6.916124e-02 -2.913632e-02 -2.931547e-03 7.642352e-02 5.567413e-02 4.967529e-02 2.894523e-02 5.092043e-02 -1.429083e-02 -1.114395e-02 9.942940e-03 -4.918050e-02 -2.225570e-02 1.955180e-02 -6.535125e-03 2.184806e-02 6.036537e-03 -3.749504e-02 -1.608895e-02 -4.582067e-02 1.230874e-02 -9.435970e-02 -3.018239e-03 9.196872e-03 -5.224737e-02 -1.191785e-02 -1.834225e-02 3.010058e-02 4.995000e-01 4.034339e-02 3.948051e-02 -1.168199e-01 -4.482618e-02 -2.500860e-02 4.073586e-02 -6.255957e-02 3.820728e-03 5.622484e-03 -2.817971e-02 -4.335576e-03 3.760284e-02 -6.318397e-03 4.187868e-02 1.057227e-02 -7.274462e-03 -1.258811e-02 -6.029649e-02 -2.659228e-02 4.055510e-02 -1.240297e-02 -6.135323e-02 1.503963e-02 -7.923061e-02 -4.718325e-02 7.365926e-02 4.020502e-02 -6.999135e-02 -1.712834e-02
2.018749e-02 -5.986540e-02 1.386270e-02 -4.090922e-02 2.007982e-02 5.090706e-03 3.234037e-02 -3.217450e-02 -2.156695e-02 1.487943e-02 -8.092177e-03 8.615560e-02 -2.112616e-02 -4.525691e-02 -9.303680e-04 7.568518e-02 -1.031846e-02 1.694510e-02 5.495968e-02 -9.240051e-02 8.531997e-02 -4.010442e-02 3.901859e-02 -1.276867e-02 -4.236691e-02 3.103208e-02 6.017720e-03 6.086214e-02 2.242012e-02 2.455419e-02 -5.659711e-03 -5.144007e-03 -3.311090e-02 2.384563e-03 4.034339e-02 4.642065e-01 -7.799256e-02 -4.766541e-02 -6.326659e-02 3.484988e-04 -4.389050e-02 5.770000e-02 -5.133643e-02 2.108932e-02 7.255469e-03 2.635225e-03 2.446958e-02 6.051726e-02 9.153210e-03 -6.276622e-02 -8.016328e-03 3.243145e-02 -2.982447e-02 -8.094531e-02 -2.190642e-02 6.083934e-04 1.817634e-02 5.547718e-02 -3.248433e-02 -1.974959e-02 -2.065310e-02 5.816018e-02 -1.972285e-02 -2.596874e-02
4.029086e-02 2.921863e-02 3.660520e-03 -2.231647e-02 1.352051e-02 -9.187797e-03 -2.554773e-02 1.432136e-02 2.297422e-02 3.969546e-02 3.248526e-02 -5.753534e-02 -2.115692e-02 -4.226257e-03 4.566344e-02 -3.309254e-02 3.438198e-02 5.545280e-02 1.344656e-02 2.358798e-03 -3.816525e-02 -4.287411e-02 -1.077066e-02 -1.338864e-02 -5.561074e-02 4.852397e-02 -7.873549e-03 8.632948e-02 -1.024877e-01 1.089994e-01 -2.556338e-02 3.878519e-02 3.223894e-02 3.181488e-02 3.948051e-02 -7.799256e-02 4.929542e-01 6.050478e-02 1.754714e-04 -2.035604e-03 -6.893904e-03 1.015204e-02 5.700465e-02 -1.126348e-02 5.549954e-02 -2.595210e-02 -2.051780e-02 -2.768254e-03 -3.024442e-02 -2.933924e-02 4.679522e-02 -2.037747e-02 -4.951998e-02 7.083270e-03 3.271641e-02 9.972072e-02 -2.855713e-02 -3.859725e-02 2.978278e-02 -4.542519e-03 2.562444e-02 2.084032e-02 1.353695e-02 -5.011547e-03
-1.660639e-02 -6.050377e-02 -4.088549e-02 2.221300e-02 -1.470204e-02 1.894730e-02 -1.617301e-03 -3.920133e-04 -3.641757e-02 -3.914851e-02 -5.839280e-03 -7.242957e-02 -8.708097e-02 2.883124e-02 -1.017385e-02 1.838663e-02 -1.697433e-02 -1.020173e-02 4.969621e-02 2.590597e-02 -1.124159e-02 3.675302e-02 -2.787206e-02 7.654617e-02 -8.827617e-03 -7.160694e-02 -3.703711e-02 9.203543e-03 -1.650117e-02 -5.266320e-02 -3.441976e-02 2.002791e-02 -4.404653e-04 -1.029285e-03 -1.168199e-01 -4.766541e-02 6.050478e-02 3.975787e-01 -1.518141e-02 1.915826e-02 -2.808450e-02 6.812529e-03 1.445602e-02 5.453642e-03 -2.151431e-02 7.731905e-03 -7.033833e-04 -2.161006e-03 -1.754778e-02 -1.229634e-01 1.909456e-02 1.109825e-02 3.224704e-02 -5.569556e-02 -2.232517e-02 -9.281182e-03 3.236752e-02 2.074992e-02 5.613264e-02 -1.607050e-02 -3.832247e-02 -1.661752e-02 1.254406e-02 -4.458279e-02
1.840359e-02 7.774868e-02 -3.152883e-03 -6.118968e-02 1.244717e-02 4.359495e-02 2.486927e-02 3.299886e-02 1.810451e-02 4.253522e-02 1.016951e-02 -3.984689e-02 -3.991181e-03 -7.038130e-02 1.443953e-02 -1.791964e-02 1.060300e-01 7.387053e-02 -5.458771e-02 -6.271187e-02 -6.999884e-02 -3.174883e-02 3.310642e-02 -1.563075e-02 9.227513e-03 -5.968499e-02 2.388235e-03 -4.822782e-02 1.028893e-02 -2.298730e-02 3.435760e-02 2.976486e-02 5.749555e-02 -2.173649e-02 -4.482618e-02 -6.326659e-02 1.754714e-04 -1.518141e-02 5.032215e-01 -8.171690e-02 2.888825e-02 -6.347928e-02 -3.594236e-02 2.980520e-03 4.434862e-02 4.665876e-02 -3.807870e-02 5.176375e-02 2.204960e-02 3.282998e-02 -2.338248e-02 -2.362595e-02 -2.856380e-02 5.376703e-02 -7.678982e-02 -1.468908e-02 2.257440e-02 4.213795e-02 5.160352e-02 5.815035e-02 -1.866296e-02 1.495478e-02 -6.726750e-03 -1.892955e-02
-5.153969e-03 -3.101606e-02 5.228858e-02 -2.263912e-02 -7.152811e-02 1.265560e-02 3.761099e-04 -8.076888e-03 -2.479168e-02 -3.316153e-02 -1.805395e-02 -2.799906e-03 -7.458406e-02 2.004301e-02 -8.203752e-03 1.650332e-02 -3.556968e-02 3.826786e-02 9.144757e-03 -5.358529e-02 -9.702869e-03 4.820063e-02 -6.702275e-03 -3.478830e-02 1.460998e-02 1.316406e-02 -1.016312e-02 5.889862e-02 -5.210558e-02 3.456222e-02 -5.992741e-03 6.487162e-02 4.603845e-02 -3.622614e-02 -2.500860e-02 3.484988e-04 -2.035604e-03 1.915826e-02 -8.171690e-02 4.109257e-01 2.836583e-02 6.289387e-02 6.299977e-02 -2.709610e-02 3.782314e-03 -1.102317e-01 -1.514943e-02 -3.994843e-02 1.134653e-02 -2.363240e-02 -2.145954e-02 2.979796e-02 -3.599688e-02 1.038360e-04 -9.234375e-03 -4.346032e-02 1.694905e-02 -1.988073e-02 -4.925329e-02 3.304877e-02 -1.753394e-02 3.990454e-02 -1.376883e-02 -2.809109e-02
-2.552916e-02 7.353392e-02 -1.625531e-02 -6.177441e-02 1.273014e-01 -2.846882e-02 3.258144e-02 2.759623e-02 -2.428034e-02 1.617415e-02 -5.577712e-02 -5.016179e-02 1.475074e-02 -2.190042e-02 -3.944164e-02 -6.017506e-02 4.884444e-03 -8.248271e-02 -2.617317e-02 -4.805890e-02 -3.050423e-02 -4.264762e-02 3.927004e-02 -1.292545e-02 -2.539387e-02 6.168764e-02 -8.732486e-02 3.997224e-02 7.570454e-02 -3.561562e-02 2.932342e-02 8.661945e-03 -4.040761e-02 9.894607e-03 4.073586e-02 -4.389050e-02 -6.893904e-03 -2.808450e-02 2.888825e-02 2.836583e-02 5.117501e-01 5.282137e-02 -1.308845e-02 4.650907e-02 -8.465935e-03 -6.434298e-02 4.630376e-02 -1.252091e-03 -2.666771e-02 4.458849e-02 -3.431125e-02 2.019847e-02 -3.629950e-02 3.026970e-02 -3.475703e-02 2.416054e-02 2.287988e-02 7.704233e-02 -3.283344e-02 3.142638e-03 2.016530e-02 -2.209650e-02 6.125086e-02 -2.791021e-02
2.663874e-02 -2.730118e-02 -2.233787e-02 9.961998e-04 3.078316e-02 1.982726e-02 6.443967e-02 1.598793e-02 -6.507890e-02 5.783742e-02 1.902690e-02 4.748864e-02 -4.929848e-02 3.939213e-04 6.790193e-02 -4.519001e-02 -5.713004e-03 7.542833e-02 -1.401753e-02 -5.690022e-02 -4.146769e-02 4.078541e-02 4.363794e-03 4.826194e-03 -3.882852e-02 3.981719e-02 3.280858e-02 1.646894e-02 3.386323e-02 2.438010e-02 -1.890212e-02 2.107566e-02 -6.943332e-02 -2.921267e-02 -6.255957e-02 5.770000e-02 1.015204e-02 6.812529e-03 -6.347928e-02 6.289387e-02 5.282137e-02 4.544265e-01 -1.853383e-02 5.577537e-02 -2.801852e-02 -4.010805e-02 -2.661467e-02 1.367935e-02 -6.984077e-03 -6.128122e-02 -1.896134e-02 -2.758839e-02 5.361920e-03 4.060812e-02 3.086322e-02 -1.595365e-02 4.601849e-02 -4.481919e-02 3.525219e-02 6.453031e-02 -2.792118e-03 -3.165981e-02 7.800258e-03 2.495404e-02
1.764012e-02 4.824324e-03 2.502044e-02 -9.799999e-03 3.049161e-02 -4.273297e-02 -6.885138e-02 -5.120083e-02 6.131431e-02 6.035417e-03 5.679438e-02 -1.259362e-02 -3.846297e-02 4.228894e-03 8.686783e-03 -5.222093e-02 -2.891166e-02 2.567138e-03 4.668436e-03 -2.488527e-02 -4.204604e-02 4.836578e-03 1.522273e-02 -2.943954e-03 -6.155100e-02 -2.824416e-03 3.309715e-02 4.049205e-02 -7.824852e-02 -2.761796e-02 6.807192e-02 8.038823e-03 1.362703e-02 3.716452e-04 3.820728e-03 -5.133643e-02 5.700465e-02 1.445602e-02 -3.594236e-02 6.299977e-02 -1.308845e-02 -1.853383e-02 4.408126e-01 8.633305e-02 -6.407971e-02 -4.095160e-02 -9.230844e-03 -2.403911e-03 5.036556e-02 -2.584764e-02 -9.599846e-03 -7.933464e-03 6.951920e-02 3.724885e-03 -1.018887e-02 9.989133e-02 -8.973847e-02 2.684793e-02 -7.370560e-02 -1.499603e-02 -2.751895e-02 8.164051e-02 -4.989769e-02 -5.772567e-02
-3.504170e-02 -7.292433e-06 -5.159143e-02 5.562940e-02 2.582564e-02 9.030613e-02 1.989065e-02 2.083338e-02 1.986698e-02 1.257458e-01 6.632932e-02 -2.588870e-02 -1.791010e-02 9.822246e-03 -2.186357e-02 -1.217760e-03 -9.090897e-03 2.073936e-03 2.302454e-02 3.129540e-02 -9.998501e-02 1.221331e-02 -5.346420e-03 1.749213e-03 1.021034e-02 -3.073437e-02 1.054584e-01 1.013139e-02 3.580647e-02 -7.025293e-02 1.383564e-03 7.081954e-02 -7.139228e-02 -9.560854e-03 5.622484e-03 2.108932e-02 -1.126348e-02 5.453642e-03 2.980520e-03 -2.709610e-02 4.650907e-02 5.577537e-02 8.633305e-02 3.970528e-01 1.152962e-02 -5.274158e-02 -2.888658e-03 2.489419e-03 2.095908e-02 -1.998587e-02 -4.248894e-02 -2.162222e-02 9.167750e-03 -3.211352e-02 -2.174059e-02 6.705552e-03 -2.945106e-02 -3.631123e-02 -4.382190e-02 -1.846356e-02 -3.134196e-02 -2.100392e-02 3.079238e-02 2.434357e-03
-4.076591e-02 1.865038e-03 1.027766e-01 9.628767e-03 7.827406e-02 -3.662974e-03 2.428269e-03 -6.433734e-02 2.333219e-02 2.370933e-02 8.481508e-02 -1.275003e-02 -5.414742e-02 2.355735e-02 -2.310158e-02 -5.649676e-02 -4.808763e-02 2.713197e-02 -6.728615e-03 6.880050e-04 -2.072518e-02 -1.059035e-02 -7.875750e-02 -5.129273e-02 3.180336e-02 5.563902e-02 -3.089458e-02 -6.237544e-02 5.187645e-02 2.250460e-02 1.774535e-02 6.242514e-02 -2.147206e-02 1.485229e-02 -2.817971e-02 7.255469e-03 5.549954e-02 -2.151431e-02 4.434862e-02 3.782314e-03 -8.465935e-03 -2.801852e-02 -6.407971e-02 1.152962e-02 5.261800e-01 2.438899e-02 1.119235e-02 1.393292e-02 5.203605e-02 1.955401e-03 -3.802404e-02 1.129558e-02 3.973647e-02 -4.521418e-02 8.544415e-03 3.919657e-02 -3.797876e-03 2.787612e-02 6.446462e-02 2.136665e-03 5.784622e-02 -3.400040e-02 3.465976e-02 3.491257e-02
3.174230e-02 -1.849788e-02 2.681105e-03 -2.066259e-02 -3.454347e-02 3.321714e-02 1.436639e-02 -1.217269e-02 -1.508646e-02 -8.124605e-03 -9.168196e-03 1.293345e-02 4.277760e-02 5.474334e-02 3.493039e-02 -5.624546e-02 2.968627e-02 -5.808560e-02 1.705947e-02 -6.050350e-02 -2.291854e-03 -3.858756e-02 5.486722e-02 -3.779038e-02 -6.188631e-02 -3.538232e-02 -5.102484e-02 -6.396206e-02 -7.206237e-03 3.931080e-02 -1.320544e-02 1.529399e-02 3.491095e-02 2.506549e-02 -4.335576e-03 2.635225e-03 -2.595210e-02 7.731905e-03 4.665876e-02 -1.102317e-01 -6.434298e-02 -4.010805e-02 -4.095160e-02 -5.274158e-02 2.438899e-02 3.772925e-01 -1.110086e-02 8.976339e-03 -6.649641e-02 1.553666e-02 4.021572e-02 4.538069e-02 -3.180846e-02 -8.794951e-02 -8.720434e-03 -2.784974e-02 8.798540e-04 -4.950338e-02 3.770775e-03 -2.060356e-02 -1.608749e-02 3.955078e-02 8.578170e-02 3.347385e-02
