4.984318e-01 -7.059716e-02 3.245574e-02 -1.054636e-01 1.107726e-01 2.536163e-02 6.667252e-02 3.690594e-02 2.886904e-02 -3.170970e-03 -3.103900e-02 4.457741e-02 1.078042e-01 -2.052408e-02 -4.338994e-02 -1.430022e-01
-7.059716e-02 4.955524e-01 -1.146354e-02 5.084505e-03 2.627261e-02 3.614779e-02 -3.196703e-02 -4.057056e-02 -5.277528e-02 -1.019251e-01 3.200818e-02 1.922777e-01 1.338459e-01 -1.175842e-02 -1.217490e-01 2.853434e-02
3.245574e-02 -1.146354e-02 4.925029e-01 6.825498e-02 -9.124630e-02 -2.884262e-02 7.642007e-04 1.181396e-01 2.395359e-02 -9.337356e-02 -2.517370e-02 1.579534e-03 -4.579767e-02 3.141379e-02 3.697183e-02 1.165746e-01
-1.054636e-01 5.084505e-03 6.825498e-02 4.272600e-01 3.496957e-02 -7.400068e-02 -1.546378e-02 1.232949e-02 5.873633e-02 3.666020e-02 -9.637045e-03 8.518485e-02 -1.142038e-01 -9.721007e-02 -3.729386e-02 1.495890e-02
1.107726e-01 2.627261e-02 -9.124630e-02 3.496957e-02 4.645622e-01 -6.180335e-02 -4.550507e-02 -1.651718e-02 9.563187e-02 -1.413105e-02 -4.187044e-02 -7.094027e-02 1.049831e-01 4.921553e-02 1.504077e-02 -2.736654e-02
2.536163e-02 3.614779e-02 -2.884262e-02 -7.400068e-02 -6.180335e-02 4.187104e-01 -9.326110e-02 4.409214e-02 -2.373677e-02 -2.834116e-02 7.978190e-02 5.870212e-02 5.997973e-02 -6.975644e-02 -2.812852e-02 -1.310486e-01
6.667252e-02 -3.196703e-02 7.642007e-04 -1.546378e-02 -4.550507e-02 -9.326110e-02 5.037625e-01 5.810056e-03 8.407044e-03 -4.416739e-02 -3.579115e-02 -8.770800e-03 -1.131975e-01 9.904161e-02 -1.289519e-01 -4.193639e-03
3.690594e-02 -4.057056e-02 1.181396e-01 1.232949e-02 -1.651718e-02 4.409214e-02 5.810056e-03 4.943499e-01 -1.999242e-02 -7.479715e-02 1.590494e-01 4.854351e-02 4.976739e-02 -7.215415e-03 1.315024e-02 1.157269e-01
2.886904e-02 -5.277528e-02 2.395359e-02 5.873633e-02 9.563187e-02 -2.373677e-02 8.407044e-03 -1.999242e-02 5.990048e-01 8.793656e-02 -1.419751e-02 -2.400331e-02 -2.673918e-02 -9.384638e-02 -4.505377e-02 -2.864099e-02
-3.170970e-03 -1.019251e-01 -9.337356e-02 3.666020e-02 -1.413105e-02 -2.834116e-02 -4.416739e-02 -7.479715e-02 8.793656e-02 5.206700e-01 -4.075852e-02 2.627627e-02 -4.039105e-02 -9.097534e-02 4.609566e-04 -7.147657e-03
-3.103900e-02 3.200818e-02 -2.517370e-02 -9.637045e-03 -4.187044e-02 7.978190e-02 -3.579115e-02 1.590494e-01 -1.419751e-02 -4.075852e-02 3.936282e-01 2.556113e-02 -1.860657e-03 1.173233e-01 4.403185e-02 4.041107e-02
4.457741e-02 1.922777e-01 1.579534e-03 8.518485e-02 -7.094027e-02 5.870212e-02 -8.770800e-03 4.854351e-02 -2.400331e-02 2.627627e-02 2.556113e-02 4.357694e-01 6.857871e-02 -4.446559e-02 -3.386620e-02 4.019226e-02
1.078042e-01 1.338459e-01 -4.579767e-02 -1.142038e-01 1.049831e-01 5.997973e-02 -1.131975e-01 4.976739e-02 -2.673918e-02 -4.039105e-02 -1.860657e-03 6.857871e-02 6.428637e-01 2.351662e-02 -3.776696e-02 -3.263518e-02
-2.052408e-02 -1.175842e-02 3.141379e-02 -9.721007e-02 4.921553e-02 -6.975644e-02 9.904161e-02 -7.215415e-03 -9.384638e-02 -9.097534e-02 1.173233e-01 -4.446559e-02 2.351662e-02 3.289209e-01 -7.218535e-02 -2.981339e-02
-4.338994e-02 -1.217490e-01 3.697183e-02 -3.729386e-02 1.504077e-02 -2.812852e-02 -1.289519e-01 1.315024e-02 -4.505377e-02 4.609566e-04 4.403185e-02 -3.386620e-02 -3.776696e-02 -7.218535e-02 3.878624e-01 -2.863817e-02
-1.430022e-01 2.853434e-02 1.165746e-01 1.495890e-02 -2.736654e-02 -1.310486e-01 -4.193639e-03 1.157269e-01 -2.864099e-02 -7.147657e-03 4.041107e-02 4.019226e-02 -3.263518e-02 -2.981339e-02 -2.863817e-02 5.688091e-01
9.290732e-01 8.080225e-01 7.123349e-01 8.637212e-01 2.252817e-01 9.459681e-01 4.431011e-01 6.766163e-01 5.736211e-01 5.524213e-01 7.521193e-01 8.466526e-01 5.459388e-01 7.166342e-01 3.869961e-01 1.649836e-01 