2.948420e-01 -1.866513e-01 -6.908033e-02 -1.254609e-01 -3.883724e-02 -9.954805e-02 -9.787307e-02 -8.582495e-02
-1.866513e-01 5.712388e-01 -7.990560e-02 1.387415e-01 1.018789e-01 -9.375661e-02 6.543503e-02 -1.423575e-01
-6.908033e-02 -7.990560e-02 3.077215e-01 -5.832762e-02 -2.460259e-01 -2.378013e-02 -8.549104e-02 6.198742e-02
-1.254609e-01 1.387415e-01 -5.832762e-02 3.271508e-01 9.737310e-02 1.162481e-01 -1.615780e-01 2.690118e-02
-3.883724e-02 1.018789e-01 -2.460259e-01 9.737310e-02 6.411718e-01 -6.487592e-02 -2.471191e-02 1.182691e-01
-9.954805e-02 -9.375661e-02 -2.378013e-02 1.162481e-01 -6.487592e-02 2.645292e-01 7.191929e-02 9.247746e-02
-9.787307e-02 6.543503e-02 -8.549104e-02 -1.615780e-01 -2.471191e-02 7.191929e-02 4.063487e-01 -3.192699e-02
-8.582495e-02 -1.423575e-01 6.198742e-02 2.690118e-02 1.182691e-01 9.247746e-02 -3.192699e-02 1.812585e-01
6.240317e-01 9.033572e-01 9.227017e-01 9.905323e-01 9.787278e-01 5.759754e-01 2.536616e-01 2.218686e-01 