4.910125e-01 1.713475e-02 -2.383844e-02 -4.908695e-03 3.534797e-02 -4.930544e-02 -2.393809e-03 3.713775e-03 1.720989e-02 -1.040860e-02 -4.153779e-02 -6.456997e-03 -3.304322e-02 -3.558454e-03 2.183183e-02 -7.048507e-03 -9.109019e-03 3.679870e-02 -1.730955e-02 -1.729684e-02 -2.706124e-03 -2.098482e-02 4.326459e-02 -3.003790e-02 -7.233295e-03 -2.999240e-02 -3.018122e-02 2.565868e-02 2.110077e-02 -1.474213e-02 -5.205928e-02 -7.785070e-04 4.977447e-02 1.570030e-02 3.115911e-02 2.653810e-02 2.657122e-02 -4.167886e-03 3.540602e-02 -2.966394e-02 7.335732e-03 2.240639e-02 -1.631918e-02 2.390555e-02 -3.812382e-02 6.065934e-04 3.712458e-02 9.296380e-03 1.228703e-02 -1.308614e-02 9.194479e-03 1.693251e-02 -6.171280e-02 8.763107e-03 -3.469796e-02 2.494042e-02 -7.509156e-03 -5.881755e-03 -1.290866e-02 -1.129177e-02 -2.506992e-02 8.354970e-03 -2.983048e-03 -3.092423e-02 2.744591e-02 -1.140183e-02 -3.762793e-02 1.467480e-02 -1.596408e-02 2.925169e-02 2.708440e-02 1.228608e-02 -6.328012e-02 2.645880e-02 2.366735e-02 2.718766e-02 -3.179497e-02 -2.741879e-02 4.345492e-02 2.217707e-02 -5.264988e-02 4.438298e-02 3.024339e-02 2.987446e-02 -2.022553e-02 1.129556e-02 2.730683e-02 -9.143384e-03 -1.337664e-02 -5.339073e-03 2.546098e-03 1.741222e-02 1.033881e-02 -3.122538e-03 1.023204e-02 2.784652e-02 7.133632e-03 1.935374e-02 -2.140797e-02 7.023139e-03 3.378728e-02 1.565687e-03 -4.310098e-03 -3.310212e-02 2.128029e-02 -5.568813e-02 1.135862e-03 -3.181900e-02 3.926546e-02 -1.068535e-02 -4.871718e-02 -4.372988e-02 -1.393014e-02 -4.762481e-02 4.958432e-03 4.328017e-02 -8.408456e-02 5.837142e-02 1.958797e-02 3.143841e-03 -3.421857e-03 -2.696691e-03 -1.972875e-02 -6.011299e-02 1.421078e-02 4.452634e-02 -9.616854e-03 -2.745892e-02
1.713475e-02 5.120541e-01 1.501320e-02 -2.732066e-02 2.810456e-02 4.583425e-02 -4.554035e-03 -1.532194e-03 2.403262e-02 -1.702163e-02 3.963584e-03 -6.200425e-03 -5.249677e-02 -1.537347e-02 -4.741995e-04 2.764772e-02 3.099983e-03 -7.282953e-03 -3.292006e-02 3.201069e-02 -1.932364e-02 1.389056e-02 -3.551748e-02 -2.043145e-02 2.862476e-02 -5.147569e-02 5.968149e-03 -1.063078e-02 -5.925905e-03 2.315847e-02 3.943237e-02 -1.619250e-03 5.854483e-03 -3.508180e-02 -2.705450e-02 1.093957e-02 -1.671707e-02 -4.843984e-02 1.517252e-02 -2.124654e-03 -8.310458e-03 -2.386510e-02 -2.412387e-02 4.998726e-02 3.277740e-03 4.264948e-02 2.043805e-02 5.206553e-02 -1.004806e-02 -2.712853e-02 4.527986e-03 -8.510149e-04 3.871211e-03 5.198164e-02 1.431305e-02 1.955701e-03 8.511495e-02 -3.363331e-02 -2.507321e-03 2.728301e-02 -3.760286e-02 1.327365e-02 -3.036523e-02 -3.413024e-02 -1.635802e-02 1.268895e-02 -1.294059e-02 1.749458e-02 -3.628679e-02 -6.248196e-05 -3.287678e-02 -9.119164e-02 1.355768e-02 9.271082e-03 5.799457e-02 3.738498e-03 1.386269e-02 4.295943e-02 -2.871287e-02 2.610890e-02 -2.094781e-02 5.710945e-04 3.228537e-02 2.722497e-02 -4.194115e-02 1.586736e-03 -7.317610e-03 5.596851e-02 6.345955e-03 1.209256e-02 2.667563e-02 4.431737e-03 -2.643808e-02 -3.012308e-02 2.312776e-02 -4.445030e-02 8.477019e-03 4.471262e-03 6.788686e-03 -1.912324e-03 6.128766e-03 -5.308531e-02 -1.860356e-02 2.518438e-02 -2.523260e-02 1.652272e-02 -4.312717e-02 -6.060888e-03 -2.900719e-03 1.886832e-02 -9.485213e-03 1.119011e-02 -3.458762e-02 -2.264508e-02 -1.610218e-02 2.590555e-02 -1.409586e-02 -5.260799e-02 1.939754e-02 -1.335918e-02 -1.098133e-02 1.651765e-02 1.900774e-02 -9.348791e-03 -1.446325e-02 7.696272e-03 -1.848770e-02 1.496413e-02
-2.383844e-02 1.501320e-02 5.253200e-01 -1.591164e-02 -3.469410e-03 -3.945904e-02 1.338084e-02 5.852602e-03 2.167106e-02 -4.289875e-03 -4.857622e-02 4.628307e-02 -2.992367e-03 -2.590414e-02 1.751673e-02 -3.037290e-02 -1.098164e-02 4.367201e-03 -2.840796e-02 7.997748e-05 -1.239236e-02 2.783157e-02 2.032360e-02 4.647148e-02 5.978574e-03 4.169244e-03 8.956151e-03 -1.726483e-02 3.275262e-02 1.200383e-04 3.633307e-02 -1.152751e-02 -3.335329e-02 2.733839e-02 -4.683180e-02 -7.361825e-03 -4.194303e-02 2.016871e-02 1.649976e-02 1.228666e-03 -1.172903e-02 3.598467e-02 -9.431893e-03 3.353051e-02 1.706142e-02 9.823060e-03 1.542070e-03 4.888993e-02 2.928417e-03 -1.788367e-02 3.679982e-02 4.065691e-02 4.603669e-02 -2.972461e-02 2.055078e-02 -4.241755e-02 -2.433399e-02 -1.935586e-02 -3.429265e-02 -3.103294e-02 5.442160e-02 1.670473e-02 5.473662e-03 2.741093e-03 4.211332e-02 -1.616397e-02 6.286823e-02 6.922440e-02 3.422826e-02 -1.659799e-04 -3.215247e-02 2.089149e-02 -7.401901e-03 1.689302e-02 2.355650e-02 -3.925889e-03 2.368933e-02 -3.002606e-03 2.882136e-02 -8.953161e-03 -6.496119e-03 -6.125074e-03 2.785717e-03 -1.427285e-02 6.104187e-02 2.939563e-02 1.198943e-03 -1.793618e-02 -2.634606e-02 2.022963e-04 9.726644e-04 -3.443468e-02 -3.100868e-02 -1.509149e-02 -1.819852e-02 -2.950350e-02 5.997989e-02 3.284987e-02 -3.070240e-02 -2.346920e-02 3.102834e-02 -3.019007e-02 2.263930e-02 5.118832e-02 4.339573e-02 -4.517995e-02 -1.570837e-03 -3.665233e-02 -2.006886e-02 3.326280e-02 -1.132152e-02 1.985393e-02 -2.169788e-03 1.889633e-02 1.640008e-02 -2.797059e-02 7.729537e-03 7.502511e-03 2.623560e-02 1.302233e-02 -2.335958e-02 -1.491059e-03 -4.429278e-03 2.216635e-02 3.149658e-02 -2.792000e-02 2.213694e-02 3.602306e-02
-4.908695e-03 -2.732066e-02 -1.591164e-02 4.701764e-01 -1.427885e-02 -2.346042e-02 -5.046773e-02 -2.596655e-02 -1.418328e-02 1.407502e-03 2.112680e-02 2.146937e-02 -7.028539e-04 9.757110e-03 3.619040e-04 -2.111766e-03 -1.723073e-02 3.579880e-03 -1.282955e-02 3.470594e-03 3.176759e-02 -1.509375e-02 3.246501e-02 2.723613e-02 -1.096756e-03 -2.262223e-02 1.983298e-02 -2.328087e-02 3.177998e-02 5.720615e-03 1.448092e-02 2.597656e-02 -5.712302e-03 -2.898456e-02 -2.463956e-04 4.546426e-02 -9.049065e-03 4.156344e-02 -6.400222e-03 7.822913e-03 1.700394e-02 -1.473874e-02 2.555475e-02 4.684117e-02 -9.775152e-04 6.042047e-02 -1.862841e-02 2.834123e-02 5.434433e-02 -1.935594e-03 -1.089424e-02 8.343547e-03 -4.200381e-02 -4.381118e-03 -1.685870e-02 -1.634669e-02 2.812295e-02 1.136973e-02 -2.448982e-02 -1.318454e-02 1.627600e-02 3.202816e-02 -4.166192e-02 1.224500e-02 5.889143e-03 1.077967e-02 -2.109362e-03 4.029391e-02 8.983692e-03 -2.550955e-02 -6.139994e-02 -1.607606e-02 1.742440e-02 2.976740e-02 -2.051998e-02 -1.263111e-02 -1.495033e-02 8.120155e-03 -2.911600e-02 1.092575e-02 2.484525e-02 1.864941e-02 2.512004e-03 1.714786e-02 -6.482766e-02 5.146724e-03 7.545772e-02 -2.055458e-03 6.168734e-03 -2.060597e-02 6.695999e-02 -2.478860e-02 -3.917156e-02 -1.790491e-02 -9.607301e-03 -9.865998e-03 2.288655e-02 1.097702e-02 2.173302e-02 1.481413e-02 -1.627315e-02 3.780763e-02 -9.848225e-03 3.113653e-03 -5.820467e-02 -5.149433e-02 1.890910e-02 -7.846243e-03 2.152335e-02 2.713737e-02 2.238258e-02 -1.422484e-02 -2.442843e-02 -5.134142e-02 -2.007045e-02 8.318726e-03 4.364638e-02 8.248004e-03 5.245034e-02 5.933874e-03 7.351740e-03 -1.023961e-02 -2.912411e-02 2.858933e-02 4.879849e-02 1.713873e-02 1.108490e-04 8.497503e-03
3.534797e-02 2.810456e-02 -3.469410e-03 -1.427885e-02 5.127559e-01 3.334008e-02 -3.029358e-02 1.689028e-02 -6.641743e-02 1.785817e-02 2.557131e-03 6.528949e-03 4.399798e-02 -1.809646e-03 6.100720e-02 -1.815224e-02 5.000231e-02 -2.051068e-02 -3.434957e-02 -1.937510e-02 8.759513e-03 3.735990e-02 -2.324659e-02 -4.915695e-03 -5.066901e-03 3.159446e-02 -1.499792e-02 2.298220e-02 6.035435e-02 5.049476e-02 1.146474e-02 1.598376e-02 -4.854191e-02 5.912189e-03 2.772918e-02 -3.212316e-04 2.004390e-02 -1.174102e-02 9.303339e-03 -1.367180e-02 2.117326e-02 -3.947421e-02 5.595657e-03 -3.902044e-03 5.042590e-02 -5.453912e-02 1.531082e-02 -9.893399e-03 2.489497e-02 2.199019e-02 -1.826007e-02 4.253024e-02 1.435089e-02 1.344602e-02 2.448088e-02 2.509449e-02 -9.915503e-03 1.983914e-02 6.134107e-02 4.118064e-03 2.681110e-02 -3.485838e-02 2.003181e-02 1.422057e-02 1.980887e-02 -1.914065e-02 1.882421e-02 -4.805329e-02 1.249201e-02 -4.795173e-03 -3.721550e-02 1.783650e-02 1.292119e-02 2.302133e-02 1.479367e-02 -2.036318e-02 2.336832e-05 4.009091e-02 -1.155712e-02 -2.776098e-02 2.000525e-02 1.488567e-02 -4.078710e-03 -1.384668e-02 -5.861178e-03 5.395284e-02 -6.101387e-03 -1.391341e-02 1.184475e-02 3.909007e-02 2.203323e-02 -3.407666e-02 -1.969052e-02 -3.438790e-02 7.117017e-03 -4.300644e-02 -1.119577e-02 5.257368e-02 5.285920e-04 -2.042620e-02 -2.253439e-02 1.095351e-02 6.380206e-02 1.835475e-02 -9.225748e-03 -8.388048e-03 1.288136e-02 -5.527351e-03 9.051502e-03 2.247431e-02 1.308839e-02 -3.792976e-02 -2.582028e-02 7.686709e-03 2.857424e-03 -2.406484e-02 1.448774e-02 1.082171e-02 2.336580e-03 2.712017e-03 -2.132730e-02 1.012049e-02 4.617786e-03 2.333605e-02 1.614508e-02 7.877092e-02 4.722656e-03 -2.433613e-02
-4.930544e-02 4.583425e-02 -3.945904e-02 -2.346042e-02 3.334008e-02 5.096272e-01 7.002565e-03 -1.673676e-02 -3.019086e-02 -4.242433e-02 2.790034e-02 -5.782867e-03 1.220025e-02 5.122014e-02 -1.669415e-02 2.967874e-02 1.725788e-02 4.599854e-03 -1.398872e-03 -3.114722e-02 1.123887e-02 -1.309202e-02 4.573501e-02 3.430220e-02 -6.048388e-02 -9.113558e-03 -3.621772e-02 -2.355065e-03 2.127475e-02 2.393316e-02 1.088019e-02 -3.824575e-02 -2.522764e-02 -4.454029e-02 3.676018e-02 -7.133661e-03 1.547285e-02 -2.687915e-02 -2.144138e-02 8.133640e-04 2.267424e-03 -2.671161e-02 1.717225e-02 1.992780e-02 -1.663651e-02 -1.722518e-02 1.362476e-02 -7.192101e-03 3.628088e-03 -1.495268e-03 -5.866807e-03 -1.881368e-02 -1.836307e-02 -1.200110e-02 -3.793234e-02 2.473611e-02 1.836858e-02 1.409364e-02 1.697881e-02 3.570996e-03 -6.771442e-02 -7.532991e-03 -7.121399e-03 -4.157219e-02 -1.035550e-02 -7.377168e-02 -1.371591e-02 -7.719875e-03 -2.810253e-02 2.297553e-02 -3.217713e-02 2.254938e-03 1.918174e-02 3.187227e-02 -5.969662e-03 2.111804e-02 -5.952676e-03 6.961624e-02 -2.588023e-02 -4.375537e-03 2.240950e-02 1.957985e-02 4.069798e-02 7.873533e-03 -6.379676e-02 1.968837e-03 4.260665e-02 2.156631e-02 3.744931e-02 -2.579029e-02 -2.586557e-02 -8.561424e-03 2.477633e-02 -2.544930e-02 5.272423e-02 8.337743e-06 -5.392071e-03 -1.689521e-02 -1.472123e-02 2.438685e-03 1.007181e-03 -5.257999e-02 3.117507e-02 8.151106e-03 8.366461e-03 -2.449788e-02 -7.489076e-02 -3.907268e-03 -2.121355e-02 -8.659605e-03 1.251919e-03 -5.025917e-03 2.504341e-03 2.283502e-02 -6.580706e-02 5.577634e-02 1.017783e-02 5.866094e-02 -1.650916e-02 -2.835179e-02 1.952806e-02 3.318934e-02 -1.364599e-02 2.910416e-02 1.321239e-03 -3.166345e-02 5.928249e-02 2.583858e-03
-2.393809e-03 -4.554035e-03 1.338084e-02 -5.046773e-02 -3.029358e-02 7.002565e-03 4.717691e-01 4.021823e-02 -7.370615e-02 -9.809551e-03 -2.729673e-02 3.054199e-02 2.683103e-02 1.294675e-02 1.986134e-02 -3.326234e-02 2.895053e-02 3.591867e-02 7.632234e-03 3.639136e-02 -3.862021e-03 8.825177e-03 6.505228e-03 -3.799336e-02 1.006031e-02 1.747332e-02 2.178507e-02 -2.358858e-02 -3.439065e-02 -2.378649e-02 -2.532773e-02 3.745214e-02 7.486708e-03 -3.535356e-02 -4.954646e-03 -2.226742e-02 -4.985533e-02 1.309121e-02 3.191364e-02 1.181964e-02 1.930208e-02 1.093493e-02 3.454779e-03 -1.867015e-02 8.172435e-03 7.044729e-03 1.610935e-02 -3.569388e-02 -2.667133e-02 1.405306e-02 -1.754350e-02 -7.379963e-03 -6.243342e-03 -2.681155e-02 -4.896240e-02 2.206843e-02 8.801129e-03 -2.829608e-02 2.046689e-02 3.240734e-02 3.219528e-03 2.553777e-02 -2.136748e-02 -9.483868e-03 -7.200487e-03 -7.721937e-03 1.131126e-02 2.906656e-03 -4.800249e-02 -4.062683e-02 -1.026961e-02 -6.194702e-02 1.719155e-02 -3.797601e-03 -2.175972e-02 1.655644e-02 -1.749540e-02 -2.819097e-02 -2.410696e-02 -2.005569e-03 1.654581e-02 -1.621143e-02 2.933746e-02 1.637842e-02 2.627672e-02 -3.573543e-03 -3.856361e-02 -1.587193e-02 -1.457932e-02 1.544063e-02 2.186050e-02 -3.612250e-02 1.548692e-02 2.226679e-02 -2.540753e-03 2.283455e-02 -2.447223e-02 -9.888153e-03 4.959798e-02 4.235509e-02 2.260142e-02 1.069234e-03 4.154638e-02 5.481292e-02 -2.763245e-03 2.503727e-02 -1.438457e-02 -2.099151e-02 -8.785531e-03 -2.537627e-03 -7.749434e-02 7.503529e-02 2.567586e-03 1.065312e-02 -1.276518e-02 -8.647096e-03 -5.966779e-02 6.647427e-03 3.738885e-02 -3.521624e-02 -4.234451e-02 -1.391521e-04 -3.503612e-02 -3.189156e-02 8.762514e-03 -3.193556e-03 -5.846759e-04 -1.318545e-02
3.713775e-03 -1.532194e-03 5.852602e-03 -2.596655e-02 1.689028e-02 -1.673676e-02 4.021823e-02 5.183337e-01 7.817661e-05 -5.015190e-02 -9.363156e-03 -3.419414e-02 1.809152e-02 -3.592713e-02 3.389749e-02 1.507292e-02 2.042044e-02 8.927448e-04 1.066882e-03 1.598246e-02 -9.343749e-03 6.097151e-03 -4.638857e-02 6.096137e-02 -1.310700e-02 -6.684467e-04 4.732191e-02 1.746988e-02 -2.416897e-02 3.166942e-02 9.405121e-03 1.847668e-02 1.653864e-02 -1.335535e-02 2.723998e-03 -4.313380e-02 -3.312786e-02 2.497771e-03 3.054507e-02 2.333505e-02 -2.160192e-02 -2.675327e-02 1.296109e-02 1.805769e-02 -3.746570e-03 -1.830161e-02 6.778040e-03 -2.864944e-02 -3.391947e-02 4.761513e-02 5.411384e-02 -3.799548e-02 -2.081732e-02 2.122278e-02 -2.509759e-02 -1.599012e-02 -2.883292e-02 3.003951e-04 6.834382e-03 1.766792e-02 -4.741644e-03 3.812901e-02 -7.793067e-03 1.889016e-02 3.126220e-02 6.807143e-02 2.037553e-03 -2.442355e-02 -1.448213e-02 -1.547277e-03 4.661217e-03 -4.404066e-02 4.629798e-03 -3.302085e-02 -1.087282e-02 2.951427e-02 2.388164e-02 2.522275e-02 -3.602027e-03 -1.798967e-02 2.971876e-02 -2.487070e-02 -2.468320e-02 1.646430e-02 -3.574831e-02 1.870957e-02 5.130937e-02 -1.100491e-02 2.190438e-02 6.765435e-02 -3.069446e-02 4.542618e-03 -3.191616e-03 8.167906e-03 -1.255609e-02 3.630556e-02 4.326834e-02 2.494175e-02 -2.127005e-02 -6.339486e-03 -1.868638e-02 -2.462836e-02 9.678652e-02 8.970447e-03 -1.334025e-03 -2.048141e-02 -3.385288e-02 -2.647443e-02 5.122608e-04 2.340867e-02 2.143165e-02 4.185405e-02 -3.163109e-02 -2.456843e-02 -7.024523e-03 2.686559e-02 1.050175e-02 7.325038e-03 -4.649035e-02 -2.432357e-02 4.356364e-02 -3.567917e-02 -1.289598e-02 -1.075135e-02 1.966676e-02 -2.476680e-02 2.162449e-02 2.123387e-02
1.720989e-02 2.403262e-02 2.167106e-02 -1.418328e-02 -6.641743e-02 -3.019086e-02 -7.370615e-02 7.817661e-05 4.316955e-01 2.096479e-02 1.380434e-02 -7.863162e-03 -6.683404e-03 -2.781220e-02 4.355949e-02 -2.040645e-02 -2.931512e-02 5.243445e-02 1.763841e-02 1.156951e-02 8.822851e-03 5.672819e-03 4.913488e-02 -3.081421e-04 -3.851286e-02 -1.110132e-02 4.658212e-02 1.806814e-03 -1.993985e-02 -6.074805e-03 1.430718e-02 -3.038261e-02 -1.152221e-02 -6.094556e-02 -1.445408e-02 1.062507e-02 1.327435e-02 -3.471802e-02 -1.684690e-02 -3.590308e-02 -2.163380e-02 5.128521e-02 3.753842e-02 9.141307e-03 2.589124e-03 2.352992e-02 -1.075422e-02 -4.701914e-02 3.169572e-02 4.819985e-02 6.027723e-03 3.867944e-02 1.506390e-02 2.160946e-03 3.815721e-02 -2.409954e-02 2.246289e-02 7.854466e-03 -2.998830e-02 1.458472e-02 -5.923266e-03 -2.772232e-02 -5.372662e-02 1.388908e-02 -3.608953e-02 -6.305864e-03 7.198308e-02 -1.317273e-02 -1.108747e-04 -8.450546e-03 -3.173946e-02 -4.349593e-02 -6.176893e-02 -5.091386e-02 2.716398e-02 1.813575e-02 2.520104e-03 -2.394881e-02 6.654521e-03 -2.496323e-03 1.404612e-02 -1.184395e-02 2.896143e-02 2.708492e-02 3.751728e-02 2.035753e-02 -1.708267e-02 -1.271247e-02 4.437032e-03 2.723517e-02 -4.594840e-02 -1.760422e-02 -1.356519e-02 7.248238e-03 1.790398e-02 1.216876e-02 3.427486e-02 2.856803e-02 5.778114e-02 5.465105e-03 -1.374860e-02 2.819584e-02 -2.796634e-02 3.722831e-02 -9.715736e-03 -1.017909e-02 -3.196217e-02 3.978654e-03 3.943048e-02 -1.116682e-02 2.128071e-02 -4.092902e-02 -1.017409e-02 5.034166e-02 1.732735e-02 -1.914756e-03 -6.527410e-03 2.468143e-02 1.211943e-03 -2.327280e-02 4.081117e-02 -1.624571e-02 1.971309e-02 -3.728945e-03 -2.146665e-02 2.050899e-02 1.980891e-02 1.370571e-02
-1.040860e-02 -1.702163e-02 -4.289875e-03 1.407502e-03 1.785817e-02 -4.242433e-02 -9.809551e-03 -5.015190e-02 2.096479e-02 5.220456e-01 -7.596116e-03 -4.071550e-02 5.886646e-02 4.218601e-02 1.282423e-03 -2.960682e-02 3.302599e-03 -3.896907e-02 9.549914e-03 3.127047e-02 1.227448e-03 -1.476246e-02 -3.749033e-03 1.648376e-03 8.045059e-02 2.594138e-02 9.373060e-03 2.466631e-02 2.805422e-02 -4.840260e-02 5.437458e-02 -1.363847e-02 -2.467627e-03 -7.511473e-03 -2.956201e-02 1.876605e-02 5.229131e-02 -3.533591e-02 -5.027173e-02 3.641660e-03 1.792998e-02 6.754391e-03 -2.962862e-02 5.248671e-02 -3.517136e-02 -1.220205e-02 5.398955e-03 -5.823493e-03 8.442928e-03 -1.716614e-04 6.299647e-03 5.413421e-02 4.953091e-03 4.918209e-02 -3.188730e-02 -2.813919e-02 3.633055e-03 1.264310e-02 6.789531e-03 -4.631693e-02 1.846032e-02 -5.537215e-03 3.508939e-02 -1.408305e-02 1.307123e-02 4.805870e-02 -2.788238e-02 1.438062e-02 4.078029e-02 -5.517772e-02 7.325219e-03 -9.815120e-04 1.631091e-02 2.103412e-03 -2.467694e-03 5.543265e-02 1.948858e-02 -3.264711e-02 -6.246737e-03 1.580504e-02 7.565475e-03 1.336972e-02 8.541109e-03 1.751803e-03 3.900372e-02 6.433776e-02 6.914430e-03 4.115302e-03 -1.511363e-03 2.301098e-02 -2.222693e-02 -3.195056e-03 1.682560e-02 -4.594004e-02 -5.264675e-02 1.791974e-02 1.735760e-02 -2.801007e-02 1.999183e-02 5.320211e-02 -1.075757e-02 1.069616e-02 8.439384e-03 -1.843327e-03 -1.456302e-03 -1.543643e-03 -2.463253e-02 3.929582e-02 6.489644e-03 -2.471027e-02 2.685109e-02 2.472128e-02 -4.108171e-02 3.174471e-02 -1.986658e-02 3.739592e-02 -1.456777e-03 -1.160894e-02 -2.448963e-02 -3.088996e-02 -1.075717e-02 1.228054e-02 2.652672e-02 2.274886e-02 -2.544255e-02 1.420143e-02 -1.486911e-02 4.398639e-02
-4.153779e-02 3.963584e-03 -4.857622e-02 2.112680e-02 2.557131e-03 2.790034e-02 -2.729673e-02 -9.363156e-03 1.380434e-02 -7.596116e-03 4.710792e-01 -3.609922e-03 6.493618e-03 -2.054189e-02 1.105127e-02 -3.066636e-02 5.515793e-02 -7.059148e-02 -7.716849e-03 -1.138961e-02 2.946631e-03 -2.766431e-02 2.647198e-02 -1.615973e-02 1.107658e-02 3.402708e-02 7.088284e-02 1.040780e-02 -2.065658e-02 5.250878e-02 1.086474e-02 -4.315970e-02 -1.256148e-02 3.608319e-02 -1.661707e-02 2.641528e-02 4.088753e-03 -2.681231e-02 -6.699263e-03 1.633821e-03 -1.792249e-02 -9.167075e-03 -2.994442e-02 -2.881189e-02 -1.338923e-02 -8.708709e-04 5.942850e-02 -9.163961e-03 1.969163e-02 1.594685e-02 -3.605659e-02 -2.306808e-02 -3.457984e-02 7.674230e-03 1.712948e-03 1.884342e-02 3.509252e-02 -1.517633e-02 9.774492e-03 -7.194609e-02 -1.092525e-02 -2.388461e-02 3.847412e-03 1.314403e-02 3.778921e-02 3.980355e-02 -1.046931e-02 9.336238e-03 -2.718824e-03 6.066856e-02 1.831532e-02 -3.942814e-03 5.213397e-02 -3.681422e-02 -4.777408e-02 -3.414320e-04 -1.056118e-02 -2.768546e-02 -5.213619e-03 1.701815e-03 -1.861603e-02 1.960843e-02 3.765969e-02 -7.180691e-03 -4.186194e-02 -3.416807e-04 -1.511363e-02 -1.224686e-02 -1.385264e-03 -2.724958e-02 3.271275e-02 -1.657726e-02 -1.638634e-02 -3.350008e-02 -5.058855e-03 -6.732367e-03 3.693435e-02 -1.354615e-03 -4.574943e-02 1.633614e-02 -1.082334e-02 -4.753175e-03 2.502971e-02 -4.733100e-03 2.838434e-03 9.136393e-03 2.507764e-02 1.866596e-02 3.879435e-02 5.962884e-03 -5.068153e-03 -1.251523e-02 -5.796460e-02 2.984366e-02 2.829938e-02 -2.484534e-02 -1.090709e-02 -4.947741e-02 1.614597e-02 3.086482e-02 1.072311e-02 -2.965961e-02 -1.654590e-02 -2.509047e-02 -3.554698e-02 -3.440608e-02 5.102613e-02 3.591430e-02
-6.456997e-03 -6.200425e-03 4.628307e-02 2.146937e-02 6.528949e-03 -5.782867e-03 3.054199e-02 -3.419414e-02 -7.863162e-03 -4.071550e-02 -3.609922e-03 5.459858e-01 -6.394233e-03 1.579017e-02 -1.416712e-02 -2.983884e-02 -1.970802e-02 -4.497445e-02 3.619263e-03 2.098447e-02 -5.891492e-02 -3.027426e-02 -5.851974e-02 7.400987e-03 -2.457694e-03 1.470845e-02 -3.333897e-02 -1.167137e-02 4.812537e-02 4.919702e-03 7.507461e-03 9.333512e-03 4.632405e-02 -1.060244e-02 -1.914174e-02 -2.808676e-02 -2.800448e-02 -1.143089e-02 -7.546771e-04 -2.981644e-02 1.325699e-02 -6.024206e-03 1.521292e-02 -5.198144e-03 -2.948081e-02 1.866019e-02 6.646515e-02 -2.260890e-02 -7.334021e-03 3.773144e-02 -6.323014e-03 1.260370e-02 -5.814129e-02 3.612424e-02 1.324370e-02 1.374343e-02 -2.360027e-02 -6.180728e-02 -1.263088e-02 6.997607e-03 -1.037229e-02 7.304319e-03 -4.745825e-02 5.316081e-03 2.282496e-02 -4.743009e-02 2.739687e-02 4.493326e-03 -4.221621e-03 -2.891425e-02 9.314023e-03 5.986596e-03 -1.491458e-02 -1.944124e-02 9.241276e-03 1.961130e-03 -2.981099e-03 -2.820369e-02 1.360541e-02 -2.088651e-02 2.733342e-02 -6.176745e-02 3.183410e-03 1.536235e-02 -1.209416e-02 1.500751e-02 -2.046617e-02 1.640539e-02 -5.817006e-03 6.039918e-03 -3.696904e-02 -3.808612e-02 4.656231e-02 -4.026063e-02 1.452882e-02 2.945586e-02 -2.139437e-02 1.530647e-02 -2.897113e-02 -2.937397e-02 2.129373e-02 -7.492779e-03 -2.616221e-02 1.426399e-02 -4.632395e-02 3.827463e-02 -9.159036e-03 1.024064e-02 1.475465e-02 -3.000740e-02 1.897826e-02 3.601202e-02 1.228287e-03 -3.626354e-03 7.581222e-02 -5.326811e-02 1.325175e-02 -1.375601e-02 -3.064513e-02 -6.557734e-03 5.698136e-03 3.108311e-02 2.938881e-02 2.618766e-02 2.749619e-02 1.803603e-02 1.179425e-02 -5.395038e-02
-3.304322e-02 -5.249677e-02 -2.992367e-03 -7.028539e-04 4.399798e-02 1.220025e-02 2.683103e-02 1.809152e-02 -6.683404e-03 5.886646e-02 6.493618e-03 -6.394233e-03 4.698636e-01 1.199342e-02 -3.612842e-02 -1.122061e-02 -1.204065e-02 4.207717e-03 8.547888e-03 3.374724e-02 -3.734801e-02 -1.084427e-02 2.560613e-02 1.892951e-02 1.187220e-02 -2.792057e-02 2.570448e-02 -4.473614e-02 1.570773e-02 1.766735e-02 2.677326e-02 -1.762969e-02 1.062684e-02 -3.530653e-02 2.143963e-02 1.920918e-02 4.682117e-02 2.566012e-03 -1.670324e-02 4.088749e-02 -2.650704e-02 1.119243e-02 -7.051943e-04 -9.747898e-06 1.431808e-02 8.221977e-03 -1.556041e-02 -3.479242e-02 -4.279261e-03 2.572816e-02 -1.506951e-02 -4.108933e-02 -3.624682e-02 -1.347373e-02 9.346851e-03 4.316974e-02 -6.196106e-02 4.426492e-02 -9.668614e-03 9.142592e-03 -2.329953e-02 -5.080023e-02 -3.064217e-02 -5.094039e-02 2.238040e-02 2.855581e-02 -3.722480e-03 -1.130200e-02 -2.190410e-02 3.977326e-02 -3.249290e-02 5.462785e-03 1.673579e-03 6.862854e-03 5.743861e-03 4.061854e-02 -4.602310e-02 2.582130e-02 2.838042e-03 -2.575935e-02 -4.178441e-02 -1.886449e-02 2.838729e-02 -9.144117e-03 5.632156e-03 -1.870740e-02 2.646598e-02 -1.648878e-02 -3.022005e-02 1.861337e-02 2.910018e-02 -1.139850e-03 6.051777e-02 -1.208483e-02 6.156668e-03 -4.544243e-02 7.182116e-03 -4.201209e-03 7.376906e-03 4.979586e-03 9.150133e-02 -4.996945e-02 -8.909669e-03 -6.115250e-04 6.569114e-02 -9.672907e-05 -1.643201e-02 -2.017540e-02 3.862150e-02 1.638860e-02 -4.482520e-03 4.086854e-02 -1.025394e-02 -4.277034e-02 -8.735768e-03 -2.590486e-02 8.345833e-03 -2.369561e-02 -1.750152e-02 3.246800e-02 -2.868731e-02 -2.642349e-03 3.359880e-02 1.559786e-02 3.579279e-03 3.064593e-02 -4.969075e-03 3.273232e-02
-3.558454e-03 -1.537347e-02 -2.590414e-02 9.757110e-03 -1.809646e-03 5.122014e-02 1.294675e-02 -3.592713e-02 -2.781220e-02 4.218601e-02 -2.054189e-02 1.579017e-02 1.199342e-02 5.180864e-01 -2.788618e-02 1.785195e-02 5.678765e-02 1.812475e-02 2.299901e-03 -4.263587e-03 2.307873e-02 -3.328277e-02 -3.429794e-02 -2.080387e-02 -1.342915e-03 1.839314e-02 -1.626175e-03 2.095451e-03 1.320405e-02 1.559193e-02 3.704500e-02 -2.115274e-02 -4.182752e-02 -1.719281e-02 -5.632672e-03 2.137903e-03 -9.912159e-03 -1.760532e-02 -3.838390e-02 3.607921e-02 -3.300790e-02 -3.281087e-02 3.086267e-03 1.082960e-02 -1.053306e-02 1.201821e-02 1.869884e-02 -1.389851e-02 4.698088e-02 3.960799e-03 6.678314e-04 -2.313029e-02 1.325753e-02 -1.952890e-02 -4.909506e-02 -1.894149e-02 3.128865e-02 5.993621e-02 -7.131455e-04 -1.289737e-02 7.246066e-02 7.461281e-02 -2.974504e-03 1.974213e-02 2.452275e-02 -2.512116e-02 -3.781304e-02 1.929022e-02 1.887476e-03 7.910152e-03 1.616070e-02 -1.864437e-02 -4.153488e-03 3.406542e-02 -3.731205e-02 -3.853304e-02 2.044772e-03 -2.473535e-02 -3.963930e-02 4.822985e-02 -2.912990e-02 4.583687e-02 1.137141e-02 8.420055e-03 3.799091e-02 -2.512860e-02 -2.662646e-02 5.884571e-02 -1.452940e-02 -9.615623e-03 -3.483635e-02 4.334401e-03 3.649629e-02 -1.219871e-02 5.591008e-02 3.871851e-02 2.437777e-02 -1.317123e-02 6.528110e-03 -2.685452e-02 5.533524e-03 3.455361e-02 -9.830239e-03 -2.260634e-02 3.445583e-03 -3.316334e-03 -1.471487e-02 4.411733e-03 8.214883e-03 3.276078e-02 -2.557014e-02 -1.642158e-02 7.747583e-03 1.853035e-02 -2.525347e-02 -2.026757e-02 -1.052640e-03 2.118706e-02 -1.644600e-02 1.957206e-02 1.192879e-02 -2.242755e-03 1.195668e-02 -5.132577e-02 3.635365e-02 -2.380367e-02 3.960021e-03 2.515082e-02
2.183183e-02 -4.741995e-04 1.751673e-02 3.619040e-04 6.100720e-02 -1.669415e-02 1.986134e-02 3.389749e-02 4.355949e-02 1.282423e-03 1.105127e-02 -1.416712e-02 -3.612842e-02 -2.788618e-02 4.460465e-01 2.312480e-02 -3.557678e-02 -3.125674e-02 -1.317054e-02 -1.364686e-02 1.521006e-02 2.126834e-02 -3.146820e-02 3.449523e-02 1.752088e-03 -4.113251e-02 1.405218e-02 1.299288e-02 7.762563e-03 7.257628e-03 -1.165692e-02 -2.517522e-02 5.510601e-03 -5.185791e-03 1.928476e-02 -3.441837e-03 -6.532917e-03 3.386766e-02 -9.244010e-03 1.936476e-02 4.251275e-02 3.704735e-02 -7.230046e-02 2.364119e-02 -6.659214e-03 -3.352709e-02 3.253592e-02 -5.101909e-02 -1.994908e-02 5.648578e-03 -1.634581e-02 -3.040401e-02 1.351536e-02 -3.480668e-03 1.515176e-02 -5.046313e-02 -1.434901e-02 1.048314e-02 -5.896315e-03 -1.431959e-02 3.709786e-02 7.607494e-03 2.990839e-03 -1.651287e-02 -5.533946e-03 -2.147918e-02 8.181391e-03 -2.140197e-02 -7.421555e-02 1.289696e-02 -1.721301e-02 -2.796144e-02 -1.758089e-02 3.227831e-02 1.552387e-02 3.276290e-02 3.552451e-02 2.509390e-02 -1.916060e-02 -2.205099e-02 1.496377e-02 5.395786e-02 3.427151e-02 -1.428223e-02 3.129071e-02 4.706808e-03 3.734371e-02 -3.750902e-02 1.050478e-02 -4.642177e-02 1.132590e-02 -4.583541e-02 4.738612e-02 -1.410842e-02 -9.628942e-03 -2.374205e-03 3.459580e-02 4.434946e-02 3.345444e-02 1.973942e-02 1.254854e-02 -2.152013e-02 4.958913e-02 -3.263571e-02 6.737205e-03 1.738358e-02 4.177754e-02 4.435102e-03 5.095096e-02 -3.293977e-02 -2.786795e-02 -5.730967e-04 -4.752601e-03 -1.051369e-02 -2.920920e-02 -2.828555e-02 2.604993e-02 6.726504e-03 8.026348e-03 -6.136036e-03 -1.712676e-02 -2.373472e-02 3.503252e-03 2.496141e-03 -3.172879e-02 -2.257962e-03 1.302607e-03 -8.573347e-04
-7.048507e-03 2.764772e-02 -3.037290e-02 -2.111766e-03 -1.815224e-02 2.967874e-02 -3.326234e-02 1.507292e-02 -2.040645e-02 -2.960682e-02 -3.066636e-02 -2.983884e-02 -1.122061e-02 1.785195e-02 2.312480e-02 4.875558e-01 1.959914e-02 -2.755398e-02 -6.390256e-02 2.393898e-03 -1.465864e-02 2.423802e-02 5.753705e-02 1.677207e-02 -6.203480e-02 -2.854802e-02 -2.679846e-02 -4.411649e-05 -3.468715e-02 -3.145203e-02 -4.695334e-02 5.086327e-03 -8.326741e-03 -2.371207e-02 4.097160e-02 3.502194e-04 3.929391e-02 -7.258666e-03 -1.589498e-02 6.002561e-02 2.266913e-02 -1.669978e-02 -8.824172e-03 7.178553e-02 1.519738e-02 -8.787704e-03 -1.798266e-02 -2.805089e-02 2.216840e-02 6.920470e-03 7.121884e-03 -6.122582e-03 6.560939e-04 1.402826e-02 -3.326881e-02 -1.607744e-02 -2.445261e-02 9.515706e-03 -1.806345e-02 2.893910e-02 3.504291e-02 -2.543414e-06 -1.961148e-02 1.873524e-02 1.115278e-02 2.857829e-02 -6.276691e-02 6.198579e-03 2.551872e-02 -2.786837e-02 1.717234e-02 -5.182128e-02 -1.036267e-02 -5.817593e-02 -3.544227e-02 1.676612e-02 -2.129398e-02 -2.545786e-02 -1.728844e-02 -2.535069e-02 -2.068269e-03 3.087474e-02 -3.374297e-02 -2.406717e-03 3.432418e-02 -2.192375e-02 4.183104e-02 7.021976e-03 -5.888423e-02 1.305173e-02 9.895926e-04 -1.567557e-02 9.900735e-03 -1.433961e-02 4.585934e-02 3.546484e-02 -1.161299e-02 -3.122702e-03 -5.359953e-03 2.510717e-02 3.480547e-02 2.461737e-02 -1.469500e-02 2.344342e-02 -7.861255e-03 3.403335e-02 6.506146e-03 6.789405e-02 -3.676230e-02 -3.414704e-02 1.941390e-03 -2.585270e-02 1.388920e-02 -1.899020e-02 -2.126301e-02 -2.399134e-03 8.476050e-03 3.710452e-03 -4.068571e-02 2.890559e-03 -3.263111e-02 -2.014457e-02 -1.485364e-02 -3.304700e-02 -1.463511e-02 -2.428607e-02 -9.429566e-03 -2.979508e-02
-9.109019e-03 3.099983e-03 -1.098164e-02 -1.723073e-02 5.000231e-02 1.725788e-02 2.895053e-02 2.042044e-02 -2.931512e-02 3.302599e-03 5.515793e-02 -1.970802e-02 -1.204065e-02 5.678765e-02 -3.557678e-02 1.959914e-02 5.152764e-01 -2.985468e-02 1.189784e-02 3.338587e-03 -1.586629e-02 -6.239380e-03 -5.313200e-04 -1.570249e-02 1.048147e-02 5.729791e-02 5.360126e-02 -4.586784e-02 -1.207026e-02 -1.256395e-02 -6.259085e-02 -3.687796e-02 3.679472e-02 6.299858e-02 8.033687e-03 -2.004723e-02 -3.769133e-02 -3.177928e-02 -3.179497e-02 2.136638e-02 1.608670e-02 6.131261e-03 -5.617706e-02 2.247559e-02 6.621134e-03 1.329306e-02 2.608202e-02 1.036387e-02 7.059679e-02 3.104599e-02 2.991939e-02 2.290453e-03 -3.200631e-02 4.208792e-02 -1.277139e-02 -8.072574e-03 -2.531365e-03 1.726841e-02 1.288380e-02 2.799865e-02 1.104265e-02 -4.288827e-04 2.359755e-02 5.681410e-03 -3.939159e-02 -1.460901e-03 -1.328016e-02 -8.162880e-03 3.949323e-02 7.376604e-03 -1.704167e-02 -3.695344e-03 -8.787562e-03 3.358822e-02 -1.851983e-02 2.529892e-03 3.680486e-02 1.474564e-02 6.385255e-02 -5.724450e-02 4.218383e-02 -1.156596e-02 2.423013e-02 -4.972974e-03 3.712197e-02 5.699312e-02 -2.095408e-02 -3.306472e-02 4.000240e-02 1.612654e-02 -8.837135e-03 -1.172194e-03 -5.790421e-02 -3.626152e-02 -2.948911e-02 3.845493e-02 -2.585361e-03 1.553536e-02 7.358760e-03 2.000509e-02 1.622151e-02 -9.388403e-03 -1.760575e-02 -2.401892e-02 1.513844e-02 6.208217e-03 3.200489e-02 -1.252184e-02 8.966166e-04 -3.166475e-02 -2.276015e-02 -1.324037e-02 -6.291503e-03 -2.664746e-03 -4.473911e-02 2.021992e-02 -9.228733e-03 2.377671e-02 -1.815467e-02 6.917290e-02 2.707515e-02 2.342011e-03 -1.060559e-02 -1.135992e-02 6.269578e-04 1.797211e-02 7.428888e-03 5.026533e-02
3.679870e-02 -7.282953e-03 4.367201e-03 3.579880e-03 -2.051068e-02 4.599854e-03 3.591867e-02 8.927448e-04 5.243445e-02 -3.896907e-02 -7.059148e-02 -4.497445e-02 4.207717e-03 1.812475e-02 -3.125674e-02 -2.755398e-02 -2.985468e-02 5.357643e-01 -6.108881e-03 -4.914569e-02 3.207466e-02 2.893830e-02 -2.400940e-03 7.856558e-03 2.252357e-02 -2.149185e-02 -8.738149e-03 -1.683522e-03 8.671223e-03 1.707283e-02 9.070182e-03 -7.202062e-03 -2.190438e-02 -1.126205e-02 3.724173e-02 1.730095e-02 4.755747e-02 -2.709985e-02 2.852667e-02 -1.399015e-02 -7.257786e-02 -9.185516e-03 1.673825e-02 1.744734e-02 -2.072579e-02 1.772176e-02 -6.745636e-04 -1.976315e-03 -4.855002e-02 5.454582e-02 -2.978780e-03 7.325850e-03 1.610941e-03 -2.476614e-02 3.336584e-02 -6.056907e-02 2.461887e-03 3.466091e-02 3.725062e-02 2.251653e-02 7.273274e-03 1.469090e-02 3.179506e-02 -2.921799e-02 3.179106e-02 -4.553864e-02 -1.799778e-02 -3.348408e-02 1.073836e-02 -3.723485e-02 -4.735472e-03 6.726016e-02 3.066470e-02 -1.028938e-02 4.827423e-02 -4.257306e-02 3.709040e-02 1.176295e-03 -7.163851e-03 -3.140871e-03 5.135814e-02 -1.478462e-02 -2.496555e-03 3.827020e-02 -5.723890e-03 -2.786187e-02 1.716245e-02 5.437230e-03 -8.696876e-03 -4.467801e-02 2.630677e-02 -1.368419e-02 3.681695e-02 -2.581903e-02 -1.711546e-02 -1.810063e-02 1.845114e-03 -1.485836e-02 1.148933e-04 -1.568343e-02 -1.879065e-02 2.773662e-02 -1.412488e-02 7.101249e-02 4.769619e-02 2.077062e-02 3.385314e-02 -6.305714e-02 1.359631e-02 -3.629876e-02 -2.087757e-02 -1.559883e-02 -1.227073e-02 -3.925207e-02 1.113064e-02 4.439032e-02 -1.742211e-02 2.319203e-02 -1.603858e-02 9.455615e-04 4.838489e-03 6.400430e-04 -3.301428e-02 6.986090e-03 -9.355636e-03 5.042649e-03 2.942285e-02 -1.355366e-02
-1.730955e-02 -3.292006e-02 -2.840796e-02 -1.282955e-02 -3.434957e-02 -1.398872e-03 7.632234e-03 1.066882e-03 1.763841e-02 9.549914e-03 -7.716849e-03 3.619263e-03 8.547888e-03 2.299901e-03 -1.317054e-02 -6.390256e-02 1.189784e-02 -6.108881e-03 4.647751e-01 7.381153e-03 4.501763e-02 1.218496e-02 3.785673e-02 -3.686548e-02 2.997972e-02 -2.877308e-02 -1.268671e-02 2.237729e-02 -2.676976e-02 5.714221e-03 5.699308e-03 2.885747e-02 -3.326466e-02 9.652826e-04 -3.948592e-02 -7.970875e-02 -5.535034e-03 -2.421959e-02 -1.305781e-02 -4.916273e-02 3.062109e-03 3.535652e-02 -4.867243e-02 -6.154234e-03 8.211278e-03 -3.764836e-02 -4.538295e-02 9.632132e-03 -1.175891e-02 3.706143e-04 4.809482e-02 3.668960e-02 -4.013410e-02 -2.420219e-03 -2.085864e-02 -2.569244e-02 2.936551e-03 -1.045644e-02 2.161673e-02 1.360822e-02 -1.785045e-02 -2.868869e-02 2.984273e-02 3.062783e-02 3.956378e-03 -1.393907e-02 7.520384e-03 -1.564089e-02 4.288793e-03 1.553074e-02 -4.371628e-02 1.961482e-02 2.076249e-02 -1.892618e-02 -4.070248e-02 -5.832587e-02 -1.342683e-02 3.611273e-02 7.431752e-02 -3.027640e-02 1.051320e-02 5.052765e-02 4.336044e-02 4.115339e-02 -3.936630e-02 8.949509e-03 -1.328789e-02 1.664714e-02 -8.394976e-02 6.871607e-03 9.035936e-03 4.822251e-03 3.923933e-03 2.875736e-03 3.415988e-02 -1.559154e-02 3.688007e-03 -1.669671e-02 -3.652194e-02 3.019102e-02 -7.227361e-03 2.865041e-02 5.612004e-03 -6.620202e-02 8.246434e-03 8.798942e-03 1.574784e-02 -2.430077e-02 -3.265861e-02 -2.209712e-02 6.574972e-03 3.175844e-02 -4.090167e-02 3.002343e-02 3.000823e-02 1.812132e-02 5.220611e-02 -2.886902e-02 1.748195e-03 -4.970080e-02 2.125976e-02 -5.510475e-02 -9.917876e-03 -5.423805e-02 3.668076e-03 3.215728e-02 -4.231909e-03 -5.411558e-02
-1.729684e-02 3.201069e-02 7.997748e-05 3.470594e-03 -1.937510e-02 -3.114722e-02 3.639136e-02 1.598246e-02 1.156951e-02 3.127047e-02 -1.138961e-02 2.098447e-02 3.374724e-02 -4.263587e-03 -1.364686e-02 2.393898e-03 3.338587e-03 -4.914569e-02 7.381153e-03 5.401522e-01 -1.247299e-02 -6.118352e-03 -1.513440e-02 -1.663631e-02 -7.187327e-03 9.740474e-03 5.248437e-03 -5.079795e-02 9.617906e-04 1.001546e-02 2.738189e-02 -1.693626e-03 -3.780436e-02 3.606298e-02 -4.355203e-02 2.164964e-02 -1.321485e-02 -2.935348e-03 2.178758e-02 6.898737e-03 2.989564e-02 2.329868e-02 6.193221e-03 -1.877260e-02 -1.425291e-02 2.630336e-02 -1.388379e-02 -4.058234e-02 -1.264809e-02 1.738470e-02 -2.955359e-02 5.753313e-03 5.848770e-03 -2.363010e-03 1.496216e-02 2.574600e-02 4.150477e-02 -5.042517e-02 2.330716e-02 3.353014e-02 -9.493746e-03 -2.071929e-02 1.412825e-02 -4.308878e-02 -1.278831e-02 -1.987560e-02 -4.441131e-03 1.837497e-02 -2.311899e-02 -2.476607e-02 -1.822811e-02 1.637622e-02 2.244408e-02 -1.962709e-02 3.367143e-02 3.500959e-02 1.455297e-02 -3.426197e-02 4.244287e-03 2.680879e-02 -1.161627e-02 -2.321806e-02 -3.759901e-02 2.120549e-02 1.886579e-02 -1.581953e-02 1.260209e-03 -1.893854e-03 -1.262147e-04 2.914386e-02 1.594451e-02 1.762772e-02 8.634969e-03 -4.236587e-02 2.264760e-02 -1.780433e-02 7.674526e-03 8.285545e-03 2.155629e-02 -3.640423e-02 1.440756e-02 9.428931e-04 4.475484e-02 -3.382010e-02 7.239305e-02 -2.685866e-02 2.916397e-02 5.385740e-02 -1.529154e-02 -3.098398e-02 4.599832e-02 4.793075e-03 2.493459e-02 4.177376e-02 9.373819e-03 2.754663e-02 2.689048e-02 9.209708e-03 1.356136e-02 -2.750800e-02 -3.523985e-03 -2.322325e-02 -5.429260e-02 3.546090e-02 -1.351015e-02 1.746336e-02 -2.110442e-02 -7.620330e-03
-2.706124e-03 -1.932364e-02 -1.239236e-02 3.176759e-02 8.759513e-03 1.123887e-02 -3.862021e-03 -9.343749e-03 8.822851e-03 1.227448e-03 2.946631e-03 -5.891492e-02 -3.734801e-02 2.307873e-02 1.521006e-02 -1.465864e-02 -1.586629e-02 3.207466e-02 4.501763e-02 -1.247299e-02 5.529378e-01 -3.103537e-02 -5.783106e-03 7.424621e-02 -9.950743e-03 -1.991298e-02 4.182114e-02 2.068074e-02 1.058389e-02 -3.448048e-02 -4.183263e-03 -2.098444e-02 1.658840e-02 6.332107e-02 -1.182206e-02 1.304758e-02 -1.810229e-02 2.613720e-02 2.235569e-02 -2.053013e-02 3.051812e-02 -2.698134e-02 -2.373859e-02 3.616469e-03 5.468087e-03 1.737541e-03 5.953107e-02 2.493327e-02 -4.784275e-02 5.132767e-02 5.410654e-03 8.418103e-03 -4.473197e-02 1.821002e-02 -6.741144e-04 3.242689e-02 6.349542e-03 7.148021e-02 -3.925972e-02 -1.174360e-02 -1.834551e-02 3.894762e-04 3.766116e-02 4.200327e-02 2.535775e-02 -8.481964e-03 1.951012e-02 3.236661e-02 -2.497186e-02 1.168828e-03 -2.629433e-02 -5.933351e-02 -1.323592e-02 -1.987098e-03 -2.200222e-03 3.289955e-03 1.835144e-02 2.241598e-04 -4.989876e-02 -2.691782e-02 -1.852447e-02 -2.583879e-02 -1.021374e-02 -4.147586e-03 8.337261e-03 -1.966826e-02 -2.019141e-02 -1.333075e-02 -5.068604e-02 -1.959189e-02 3.884072e-02 -1.966557e-02 7.037402e-02 -2.603498e-02 -8.102040e-03 -1.735746e-02 -3.779099e-02 -4.014814e-03 3.261547e-02 -2.664271e-02 -3.132214e-02 -1.932140e-02 -1.427737e-03 6.714201e-03 3.467728e-02 -2.487846e-02 -1.605689e-02 8.976886e-03 -1.620448e-02 2.705127e-04 8.077599e-03 3.524666e-02 -3.373640e-02 -2.263652e-02 2.850049e-02 8.011263e-03 2.933001e-02 -1.865053e-02 1.117095e-02 -5.949433e-02 4.305295e-02 4.910848e-03 -1.240404e-02 -4.996002e-02 -1.361226e-02 6.478791e-03 2.037896e-02 -7.921951e-03
-2.098482e-02 1.389056e-02 2.783157e-02 -1.509375e-02 3.735990e-02 -1.309202e-02 8.825177e-03 6.097151e-03 5.672819e-03 -1.476246e-02 -2.766431e-02 -3.027426e-02 -1.084427e-02 -3.328277e-02 2.126834e-02 2.423802e-02 -6.239380e-03 2.893830e-02 1.218496e-02 -6.118352e-03 -3.103537e-02 4.482422e-01 -2.755602e-03 -4.057496e-03 1.982426e-02 -3.508105e-02 4.813340e-02 -1.557909e-02 7.769992e-02 6.045794e-03 -2.902467e-02 -1.160761e-02 -2.916749e-02 2.518941e-02 4.671803e-03 1.521771e-02 -3.814682e-02 -1.120736e-02 1.007236e-02 -5.375405e-02 -4.695940e-03 1.896966e-03 1.368386e-04 4.155186e-02 2.732981e-03 -2.147619e-02 1.124275e-02 -7.086976e-03 -2.703980e-02 2.261953e-02 5.129280e-02 -2.554613e-02 -9.102460e-03 -2.528351e-02 -1.435447e-02 1.241147e-02 4.747747e-02 -1.056057e-02 -5.019508e-03 -2.847573e-02 -2.123241e-02 6.091335e-03 -2.423705e-02 3.117942e-02 -1.770389e-02 -8.714724e-04 -3.596580e-02 -1.386440e-02 5.477768e-04 -2.445655e-02 3.228017e-02 1.431564e-02 -1.893278e-02 -1.965364e-02 9.910838e-03 2.157428e-02 -3.024228e-02 -3.303173e-03 -1.265957e-02 1.579407e-02 -2.792112e-02 -2.183860e-03 4.555724e-02 -3.404968e-02 2.508364e-02 -1.134808e-03 3.485128e-02 1.658346e-02 3.051345e-02 2.554735e-02 -4.733648e-02 2.559678e-02 -2.228830e-02 -4.413401e-02 -2.140505e-02 -3.516040e-03 -5.835266e-02 3.779306e-02 -2.161257e-02 -1.635316e-02 -2.858801e-03 -6.057946e-02 3.321816e-02 1.299103e-02 2.447568e-03 -2.139148e-02 4.714308e-02 3.390342e-03 -1.043524e-02 -4.890270e-02 2.423026e-02 1.377151e-02 4.833829e-02 1.571998e-02 -2.127231e-02 -3.655226e-02 -3.442440e-02 -4.940989e-03 2.254251e-02 2.968734e-02 -1.329643e-02 -5.487531e-03 1.582518e-02 -1.320647e-02 1.050399e-02 9.839382e-04 -2.309631e-02 -4.040675e-02
4.326459e-02 -3.551748e-02 2.032360e-02 3.246501e-02 -2.324659e-02 4.573501e-02 6.505228e-03 -4.638857e-02 4.913488e-02 -3.749033e-03 2.647198e-02 -5.851974e-02 2.560613e-02 -3.429794e-02 -3.146820e-02 5.753705e-02 -5.313200e-04 -2.400940e-03 3.785673e-02 -1.513440e-02 -5.783106e-03 -2.755602e-03 5.470790e-01 4.664300e-03 -3.406376e-02 3.352277e-02 6.526155e-03 2.337716e-02 2.198585e-02 8.738262e-03 -1.849887e-02 1.362162e-03 -3.562117e-02 1.014722e-02 6.742409e-03 1.040887e-02 -1.368713e-02 -2.336796e-02 1.385954e-03 4.590352e-02 1.267076e-02 3.776045e-02 -1.446431e-02 -4.944406e-03 3.241312e-02 -6.983326e-03 9.314642e-03 -2.660061e-02 -3.241603e-03 6.065824e-02 8.022887e-03 1.508490e-02 -2.782544e-03 4.502698e-02 -1.100746e-02 7.237282e-03 -3.162990e-02 -2.355536e-03 -7.204853e-02 1.102705e-02 3.990247e-02 -7.596000e-03 -3.203904e-02 -5.128787e-02 -2.224039e-03 2.243117e-02 2.992080e-03 2.052750e-02 -2.234534e-02 5.343882e-02 2.035188e-02 2.559019e-02 7.981929e-03 -3.024827e-02 1.907572e-02 -5.787975e-03 -8.158864e-03 -2.928515e-02 -4.017537e-02 3.264493e-02 3.456323e-02 -2.252770e-02 -2.315713e-02 -1.447193e-03 1.338084e-02 8.147597e-02 -2.569220e-02 1.182987e-03 -8.013327e-03 -3.338006e-02 -2.665002e-02 -3.600094e-03 8.122935e-03 1.373105e-02 5.848909e-02 -8.332526e-03 -9.599641e-03 2.558814e-02 -2.772834e-02 2.489761e-02 -4.149391e-02 -3.748515e-02 9.620645e-03 3.896910e-03 -7.600273e-03 3.361888e-02 2.061182e-02 -2.627027e-02 8.508546e-03 -4.294424e-02 -1.793447e-02 -3.700740e-02 -2.986263e-02 -1.579746e-02 -1.553669e-02 -4.849267e-02 -6.757416e-03 -2.035094e-02 3.068108e-02 -1.870936e-02 2.409994e-02 -1.508007e-02 -5.987043e-03 -4.898062e-02 2.143717e-02 4.350854e-02 1.725265e-02 3.615302e-02
