求解线性方程组A.X=F的数据文件
矩阵A的元素总个数、子矩阵个数
192   39
下面输出子矩阵数据，其数据格式依次为：
  子矩阵Ai大小、子矩阵各行|列元素在总体矩阵A中的位置、子矩阵Ai各元素值.
子矩阵:1
24
       1       2       3       4       5       6       7       8       9      10      11      12      13      14      15      16      17      18      19      20      21      22      23      24
    4.92921e+02    9.23092e+01   -1.02802e+02   -4.86166e+01   -5.12776e+01   -2.92682e+01   -9.28647e+01   -1.80380e+01   -5.72281e+00   -2.16350e+01    1.08000e+01    4.09495e+00   -3.42900e+02   -4.27951e+01    6.32825e+01    1.12328e+01    1.05809e+01   -1.75662e+01   -5.71564e+01   -3.14761e+01    1.36348e+01    9.29107e+00    1.80439e+01    9.58761e+00
    9.23092e+01    4.92921e+02   -2.92682e+01   -5.12776e+01   -4.86166e+01   -1.02802e+02   -4.27951e+01   -3.42900e+02   -1.75662e+01    1.05809e+01    1.12328e+01    6.32825e+01   -1.80380e+01   -9.28647e+01    4.09495e+00    1.08000e+01   -2.16350e+01   -5.72281e+00   -3.14761e+01   -5.71564e+01    9.58761e+00    1.80439e+01    9.29107e+00    1.36348e+01
   -1.02802e+02   -2.92682e+01    1.44257e+02    5.87876e+00    5.52397e+00    3.36130e+01   -5.72281e+00    3.68543e+01    1.39229e+01   -1.14876e+00    3.01406e+00   -1.02751e+01    9.93998e+01   -7.92123e+00   -3.51250e+01    1.71348e+00   -4.60107e+00    1.56376e+00    9.12491e+00    3.35126e-01   -3.33870e+00   -6.80590e-01   -3.66817e+00   -1.74204e-03
   -4.86166e+01   -5.12776e+01    5.87876e+00    5.98555e+01    4.99380e+01    5.52397e+00    5.36740e+01    1.05809e+01   -2.72543e+00   -5.37937e-01   -1.48927e+01   -1.31669e+00   -7.16759e+00    4.22054e+01    1.92835e+00   -1.46796e+01    2.82716e+00   -3.06290e+00    2.11018e+00   -1.50862e+00   -1.23975e+00    2.55712e-01   -5.22544e-01   -4.27601e-01
   -5.12776e+01   -4.86166e+01    5.52397e+00    4.99380e+01    5.98555e+01    5.87876e+00    4.22054e+01   -7.16759e+00   -3.06290e+00    2.82716e+00   -1.46796e+01    1.92835e+00    1.05809e+01    5.36740e+01   -1.31669e+00   -1.48927e+01   -5.37937e-01   -2.72543e+00   -1.50862e+00    2.11018e+00   -4.27601e-01   -5.22544e-01    2.55712e-01   -1.23975e+00
   -2.92682e+01   -1.02802e+02    3.36130e+01    5.52397e+00    5.87876e+00    1.44257e+02   -7.92123e+00    9.93998e+01    1.56376e+00   -4.60107e+00    1.71348e+00   -3.51250e+01    3.68543e+01   -5.72281e+00   -1.02751e+01    3.01406e+00   -1.14876e+00    1.39229e+01    3.35126e-01    9.12491e+00   -1.74204e-03   -3.66817e+00   -6.80590e-01   -3.33870e+00
   -9.28647e+01   -4.27951e+01   -5.72281e+00    5.36740e+01    4.22054e+01   -7.92123e+00    1.52437e+02   -3.14761e+01   -1.04375e+01    1.65776e+01   -3.15138e+01    8.23728e+00   -5.71564e+01    5.96787e+01    1.36348e+01   -1.66936e+01   -1.50862e+00    4.88508e+00   -2.41562e+00    1.45925e+01   -2.18107e+00   -3.83021e+00    2.66982e+00   -5.38250e+00
   -1.80380e+01   -3.42900e+02    3.68543e+01    1.05809e+01   -7.16759e+00    9.93998e+01   -3.14761e+01    3.65239e+02    9.98005e+00   -1.66410e+01    7.26558e+00   -7.10502e+01    4.33634e+01   -5.71564e+01   -1.22862e+01    1.80439e+01    2.61336e+00    9.12491e+00    6.15070e+00    3.48169e+01   -1.39632e+00   -1.37488e+01   -2.98340e+00   -5.86710e+00
   -5.72281e+00   -1.75662e+01    1.39229e+01   -2.72543e+00   -3.06290e+00    1.56376e+00   -1.04375e+01    9.98005e+00    9.63161e+00   -2.00457e+00    2.60504e+00   -1.38974e+00    9.12491e+00    4.88508e+00   -3.33870e+00   -4.48619e-01    2.14001e+00    7.16655e-01    7.03541e+00    2.70103e+00   -2.38890e+00   -5.84272e-01   -1.95093e+00   -7.54457e-01
   -2.16350e+01    1.05809e+01   -1.14876e+00   -5.37937e-01    2.82716e+00   -4.60107e+00    1.65776e+01   -1.66410e+01   -2.00457e+00    9.37086e+00   -2.60454e+00    3.42385e+00    2.61336e+00   -1.50862e+00   -3.10556e-02    2.55712e-01    5.93464e-01    2.14001e+00    2.44404e+00    7.56874e+00   -6.57539e-01   -2.40356e+00   -6.11755e-01   -1.67956e+00
    1.08000e+01    1.12328e+01    3.01406e+00   -1.48927e+01   -1.46796e+01    1.71348e+00   -3.15138e+01    7.26558e+00    2.60504e+00   -2.60454e+00    8.27375e+00   -1.85859e+00    1.80439e+01   -1.66936e+01   -3.97788e+00    4.67847e+00    2.55712e-01   -4.48619e-01    2.66982e+00   -1.80472e+00   -4.67275e-03    4.33301e-01   -1.06247e+00    8.61652e-01
    4.09495e+00    6.32825e+01   -1.02751e+01   -1.31669e+00    1.92835e+00   -3.51250e+01    8.23728e+00   -7.10502e+01   -1.38974e+00    3.42385e+00   -1.85859e+00    1.79114e+01   -1.22862e+01    1.36348e+01    3.49325e+00   -3.97788e+00   -3.10556e-02   -3.33870e+00   -4.59927e-02   -5.86710e+00   -8.54050e-02    2.48443e+00    3.63184e-01    1.31871e+00
   -3.42900e+02   -1.80380e+01    9.93998e+01   -7.16759e+00    1.05809e+01    3.68543e+01   -5.71564e+01    4.33634e+01    9.12491e+00    2.61336e+00    1.80439e+01   -1.22862e+01    3.65239e+02   -3.14761e+01   -7.10502e+01    7.26558e+00   -1.66410e+01    9.98005e+00    3.48169e+01    6.15070e+00   -5.86710e+00   -2.98340e+00   -1.37488e+01   -1.39632e+00
   -4.27951e+01   -9.28647e+01   -7.92123e+00    4.22054e+01    5.36740e+01   -5.72281e+00    5.96787e+01   -5.71564e+01    4.88508e+00   -1.50862e+00   -1.66936e+01    1.36348e+01   -3.14761e+01    1.52437e+02    8.23728e+00   -3.15138e+01    1.65776e+01   -1.04375e+01    1.45925e+01   -2.41562e+00   -5.38250e+00    2.66982e+00   -3.83021e+00   -2.18107e+00
    6.32825e+01    4.09495e+00   -3.51250e+01    1.92835e+00   -1.31669e+00   -1.02751e+01    1.36348e+01   -1.22862e+01   -3.33870e+00   -3.10556e-02   -3.97788e+00    3.49325e+00   -7.10502e+01    8.23728e+00    1.79114e+01   -1.85859e+00    3.42385e+00   -1.38974e+00   -5.86710e+00   -4.59927e-02    1.31871e+00    3.63184e-01    2.48443e+00   -8.54050e-02
    1.12328e+01    1.08000e+01    1.71348e+00   -1.46796e+01   -1.48927e+01    3.01406e+00   -1.66936e+01    1.80439e+01   -4.48619e-01    2.55712e-01    4.67847e+00   -3.97788e+00    7.26558e+00   -3.15138e+01   -1.85859e+00    8.27375e+00   -2.60454e+00    2.60504e+00   -1.80472e+00    2.66982e+00    8.61652e-01   -1.06247e+00    4.33301e-01   -4.67275e-03
    1.05809e+01   -2.16350e+01   -4.60107e+00    2.82716e+00   -5.37937e-01   -1.14876e+00   -1.50862e+00    2.61336e+00    2.14001e+00    5.93464e-01    2.55712e-01   -3.10556e-02   -1.66410e+01    1.65776e+01    3.42385e+00   -2.60454e+00    9.37086e+00   -2.00457e+00    7.56874e+00    2.44404e+00   -1.67956e+00   -6.11755e-01   -2.40356e+00   -6.57539e-01
   -1.75662e+01   -5.72281e+00    1.56376e+00   -3.06290e+00   -2.72543e+00    1.39229e+01    4.88508e+00    9.12491e+00    7.16655e-01    2.14001e+00   -4.48619e-01   -3.33870e+00    9.98005e+00   -1.04375e+01   -1.38974e+00    2.60504e+00   -2.00457e+00    9.63161e+00    2.70103e+00    7.03541e+00   -7.54457e-01   -1.95093e+00   -5.84272e-01   -2.38890e+00
   -5.71564e+01   -3.14761e+01    9.12491e+00    2.11018e+00   -1.50862e+00    3.35126e-01   -2.41562e+00    6.15070e+00    7.03541e+00    2.44404e+00    2.66982e+00   -4.59927e-02    3.48169e+01    1.45925e+01   -5.86710e+00   -1.80472e+00    7.56874e+00    2.70103e+00    2.47551e+01    1.07329e+01   -5.58659e+00   -2.47746e+00   -6.96495e+00   -2.80879e+00
   -3.14761e+01   -5.71564e+01    3.35126e-01   -1.50862e+00    2.11018e+00    9.12491e+00    1.45925e+01    3.48169e+01    2.70103e+00    7.56874e+00   -1.80472e+00   -5.86710e+00    6.15070e+00   -2.41562e+00   -4.59927e-02    2.66982e+00    2.44404e+00    7.03541e+00    1.07329e+01    2.47551e+01   -2.80879e+00   -6.96495e+00   -2.47746e+00   -5.58659e+00
    1.36348e+01    9.58761e+00   -3.33870e+00   -1.23975e+00   -4.27601e-01   -1.74204e-03   -2.18107e+00   -1.39632e+00   -2.38890e+00   -6.57539e-01   -4.67275e-03   -8.54050e-02   -5.86710e+00   -5.38250e+00    1.31871e+00    8.61652e-01   -1.67956e+00   -7.54457e-01   -5.58659e+00   -2.80879e+00    1.54482e+00    6.33751e-01    1.49813e+00    7.96433e-01
    9.29107e+00    1.80439e+01   -6.80590e-01    2.55712e-01   -5.22544e-01   -3.66817e+00   -3.83021e+00   -1.37488e+01   -5.84272e-01   -2.40356e+00    4.33301e-01    2.48443e+00   -2.98340e+00    2.66982e+00    3.63184e-01   -1.06247e+00   -6.11755e-01   -1.95093e+00   -2.47746e+00   -6.96495e+00    6.33751e-01    2.13630e+00    6.33240e-01    1.49813e+00
    1.80439e+01    9.29107e+00   -3.66817e+00   -5.22544e-01    2.55712e-01   -6.80590e-01    2.66982e+00   -2.98340e+00   -1.95093e+00   -6.11755e-01   -1.06247e+00    3.63184e-01   -1.37488e+01   -3.83021e+00    2.48443e+00    4.33301e-01   -2.40356e+00   -5.84272e-01   -6.96495e+00   -2.47746e+00    1.49813e+00    6.33240e-01    2.13630e+00    6.33751e-01
    9.58761e+00    1.36348e+01   -1.74204e-03   -4.27601e-01   -1.23975e+00   -3.33870e+00   -5.38250e+00   -5.86710e+00   -7.54457e-01   -1.67956e+00    8.61652e-01    1.31871e+00   -1.39632e+00   -2.18107e+00   -8.54050e-02   -4.67275e-03   -6.57539e-01   -2.38890e+00   -2.80879e+00   -5.58659e+00    7.96433e-01    1.49813e+00    6.33751e-01    1.54482e+00
子矩阵:2
24
       1       2       3       4       5       6       7       8       9      10      11      12      13      14      15      16      17      18      19      20      21      22      23      24
    1.52437e+02    3.14761e+01   -1.04375e+01   -1.65776e+01    3.15138e+01    8.23728e+00   -9.28647e+01    4.27951e+01   -5.72281e+00   -5.36740e+01   -4.22054e+01   -7.92123e+00   -2.41562e+00   -1.45925e+01   -2.18107e+00    3.83021e+00   -2.66982e+00   -5.38250e+00   -5.71564e+01   -5.96787e+01    1.36348e+01    1.66936e+01    1.50862e+00    4.88508e+00
    3.14761e+01    3.65239e+02   -9.98005e+00   -1.66410e+01    7.26558e+00    7.10502e+01    1.80380e+01   -3.42900e+02   -3.68543e+01    1.05809e+01   -7.16759e+00   -9.93998e+01   -6.15070e+00    3.48169e+01    1.39632e+00   -1.37488e+01   -2.98340e+00    5.86710e+00   -4.33634e+01   -5.71564e+01    1.22862e+01    1.80439e+01    2.61336e+00   -9.12491e+00
   -1.04375e+01   -9.98005e+00    9.63161e+00    2.00457e+00   -2.60504e+00   -1.38974e+00   -5.72281e+00    1.75662e+01    1.39229e+01    2.72543e+00    3.06290e+00    1.56376e+00    7.03541e+00   -2.70103e+00   -2.38890e+00    5.84272e-01    1.95093e+00   -7.54457e-01    9.12491e+00   -4.88508e+00   -3.33870e+00    4.48619e-01   -2.14001e+00    7.16655e-01
   -1.65776e+01   -1.66410e+01    2.00457e+00    9.37086e+00   -2.60454e+00   -3.42385e+00    2.16350e+01    1.05809e+01    1.14876e+00   -5.37937e-01    2.82716e+00    4.60107e+00   -2.44404e+00    7.56874e+00    6.57539e-01   -2.40356e+00   -6.11755e-01    1.67956e+00   -2.61336e+00   -1.50862e+00    3.10556e-02    2.55712e-01    5.93464e-01   -2.14001e+00
    3.15138e+01    7.26558e+00   -2.60504e+00   -2.60454e+00    8.27375e+00    1.85859e+00   -1.08000e+01    1.12328e+01   -3.01406e+00   -1.48927e+01   -1.46796e+01   -1.71348e+00   -2.66982e+00   -1.80472e+00    4.67275e-03    4.33301e-01   -1.06247e+00   -8.61652e-01   -1.80439e+01   -1.66936e+01    3.97788e+00    4.67847e+00    2.55712e-01    4.48619e-01
    8.23728e+00    7.10502e+01   -1.38974e+00   -3.42385e+00    1.85859e+00    1.79114e+01    4.09495e+00   -6.32825e+01   -1.02751e+01    1.31669e+00   -1.92835e+00   -3.51250e+01   -4.59927e-02    5.86710e+00   -8.54050e-02   -2.48443e+00   -3.63184e-01    1.31871e+00   -1.22862e+01   -1.36348e+01    3.49325e+00    3.97788e+00    3.10556e-02   -3.33870e+00
   -9.28647e+01    1.80380e+01   -5.72281e+00    2.16350e+01   -1.08000e+01    4.09495e+00    4.92921e+02   -9.23092e+01   -1.02802e+02    4.86166e+01    5.12776e+01   -2.92682e+01   -5.71564e+01    3.14761e+01    1.36348e+01   -9.29107e+00   -1.80439e+01    9.58761e+00   -3.42900e+02    4.27951e+01    6.32825e+01   -1.12328e+01   -1.05809e+01   -1.75662e+01
    4.27951e+01   -3.42900e+02    1.75662e+01    1.05809e+01    1.12328e+01   -6.32825e+01   -9.23092e+01    4.92921e+02    2.92682e+01   -5.12776e+01   -4.86166e+01    1.02802e+02    3.14761e+01   -5.71564e+01   -9.58761e+00    1.80439e+01    9.29107e+00   -1.36348e+01    1.80380e+01   -9.28647e+01   -4.09495e+00    1.08000e+01   -2.16350e+01    5.72281e+00
   -5.72281e+00   -3.68543e+01    1.39229e+01    1.14876e+00   -3.01406e+00   -1.02751e+01   -1.02802e+02    2.92682e+01    1.44257e+02   -5.87876e+00   -5.52397e+00    3.36130e+01    9.12491e+00   -3.35126e-01   -3.33870e+00    6.80590e-01    3.66817e+00   -1.74204e-03    9.93998e+01    7.92123e+00   -3.51250e+01   -1.71348e+00    4.60107e+00    1.56376e+00
   -5.36740e+01    1.05809e+01    2.72543e+00   -5.37937e-01   -1.48927e+01    1.31669e+00    4.86166e+01   -5.12776e+01   -5.87876e+00    5.98555e+01    4.99380e+01   -5.52397e+00   -2.11018e+00   -1.50862e+00    1.23975e+00    2.55712e-01   -5.22544e-01    4.27601e-01    7.16759e+00    4.22054e+01   -1.92835e+00   -1.46796e+01    2.82716e+00    3.06290e+00
   -4.22054e+01   -7.16759e+00    3.06290e+00    2.82716e+00   -1.46796e+01   -1.92835e+00    5.12776e+01   -4.86166e+01   -5.52397e+00    4.99380e+01    5.98555e+01   -5.87876e+00    1.50862e+00    2.11018e+00    4.27601e-01   -5.22544e-01    2.55712e-01    1.23975e+00   -1.05809e+01    5.36740e+01    1.31669e+00   -1.48927e+01   -5.37937e-01    2.72543e+00
   -7.92123e+00   -9.93998e+01    1.56376e+00    4.60107e+00   -1.71348e+00   -3.51250e+01   -2.92682e+01    1.02802e+02    3.36130e+01   -5.52397e+00   -5.87876e+00    1.44257e+02    3.35126e-01   -9.12491e+00   -1.74204e-03    3.66817e+00    6.80590e-01   -3.33870e+00    3.68543e+01    5.72281e+00   -1.02751e+01   -3.01406e+00    1.14876e+00    1.39229e+01
   -2.41562e+00   -6.15070e+00    7.03541e+00   -2.44404e+00   -2.66982e+00   -4.59927e-02   -5.71564e+01    3.14761e+01    9.12491e+00   -2.11018e+00    1.50862e+00    3.35126e-01    2.47551e+01   -1.07329e+01   -5.58659e+00    2.47746e+00    6.96495e+00   -2.80879e+00    3.48169e+01   -1.45925e+01   -5.86710e+00    1.80472e+00   -7.56874e+00    2.70103e+00
   -1.45925e+01    3.48169e+01   -2.70103e+00    7.56874e+00   -1.80472e+00    5.86710e+00    3.14761e+01   -5.71564e+01   -3.35126e-01   -1.50862e+00    2.11018e+00   -9.12491e+00   -1.07329e+01    2.47551e+01    2.80879e+00   -6.96495e+00   -2.47746e+00    5.58659e+00   -6.15070e+00   -2.41562e+00    4.59927e-02    2.66982e+00    2.44404e+00   -7.03541e+00
   -2.18107e+00    1.39632e+00   -2.38890e+00    6.57539e-01    4.67275e-03   -8.54050e-02    1.36348e+01   -9.58761e+00   -3.33870e+00    1.23975e+00    4.27601e-01   -1.74204e-03   -5.58659e+00    2.80879e+00    1.54482e+00   -6.33751e-01   -1.49813e+00    7.96433e-01   -5.86710e+00    5.38250e+00    1.31871e+00   -8.61652e-01    1.67956e+00   -7.54457e-01
    3.83021e+00   -1.37488e+01    5.84272e-01   -2.40356e+00    4.33301e-01   -2.48443e+00   -9.29107e+00    1.80439e+01    6.80590e-01    2.55712e-01   -5.22544e-01    3.66817e+00    2.47746e+00   -6.96495e+00   -6.33751e-01    2.13630e+00    6.33240e-01   -1.49813e+00    2.98340e+00    2.66982e+00   -3.63184e-01   -1.06247e+00   -6.11755e-01    1.95093e+00
   -2.66982e+00   -2.98340e+00    1.95093e+00   -6.11755e-01   -1.06247e+00   -3.63184e-01   -1.80439e+01    9.29107e+00    3.66817e+00   -5.22544e-01    2.55712e-01    6.80590e-01    6.96495e+00   -2.47746e+00   -1.49813e+00    6.33240e-01    2.13630e+00   -6.33751e-01    1.37488e+01   -3.83021e+00   -2.48443e+00    4.33301e-01   -2.40356e+00    5.84272e-01
   -5.38250e+00    5.86710e+00   -7.54457e-01    1.67956e+00   -8.61652e-01    1.31871e+00    9.58761e+00   -1.36348e+01   -1.74204e-03    4.27601e-01    1.23975e+00   -3.33870e+00   -2.80879e+00    5.58659e+00    7.96433e-01   -1.49813e+00   -6.33751e-01    1.54482e+00   -1.39632e+00    2.18107e+00   -8.54050e-02    4.67275e-03    6.57539e-01   -2.38890e+00
   -5.71564e+01   -4.33634e+01    9.12491e+00   -2.61336e+00   -1.80439e+01   -1.22862e+01   -3.42900e+02    1.80380e+01    9.93998e+01    7.16759e+00   -1.05809e+01    3.68543e+01    3.48169e+01   -6.15070e+00   -5.86710e+00    2.98340e+00    1.37488e+01   -1.39632e+00    3.65239e+02    3.14761e+01   -7.10502e+01   -7.26558e+00    1.66410e+01    9.98005e+00
   -5.96787e+01   -5.71564e+01   -4.88508e+00   -1.50862e+00   -1.66936e+01   -1.36348e+01    4.27951e+01   -9.28647e+01    7.92123e+00    4.22054e+01    5.36740e+01    5.72281e+00   -1.45925e+01   -2.41562e+00    5.38250e+00    2.66982e+00   -3.83021e+00    2.18107e+00    3.14761e+01    1.52437e+02   -8.23728e+00   -3.15138e+01    1.65776e+01    1.04375e+01
    1.36348e+01    1.22862e+01   -3.33870e+00    3.10556e-02    3.97788e+00    3.49325e+00    6.32825e+01   -4.09495e+00   -3.51250e+01   -1.92835e+00    1.31669e+00   -1.02751e+01   -5.86710e+00    4.59927e-02    1.31871e+00   -3.63184e-01   -2.48443e+00   -8.54050e-02   -7.10502e+01   -8.23728e+00    1.79114e+01    1.85859e+00   -3.42385e+00   -1.38974e+00
    1.66936e+01    1.80439e+01    4.48619e-01    2.55712e-01    4.67847e+00    3.97788e+00   -1.12328e+01    1.08000e+01   -1.71348e+00   -1.46796e+01   -1.48927e+01   -3.01406e+00    1.80472e+00    2.66982e+00   -8.61652e-01   -1.06247e+00    4.33301e-01    4.67275e-03   -7.26558e+00   -3.15138e+01    1.85859e+00    8.27375e+00   -2.60454e+00   -2.60504e+00
    1.50862e+00    2.61336e+00   -2.14001e+00    5.93464e-01    2.55712e-01    3.10556e-02   -1.05809e+01   -2.16350e+01    4.60107e+00    2.82716e+00   -5.37937e-01    1.14876e+00   -7.56874e+00    2.44404e+00    1.67956e+00   -6.11755e-01   -2.40356e+00    6.57539e-01    1.66410e+01    1.65776e+01   -3.42385e+00   -2.60454e+00    9.37086e+00    2.00457e+00
    4.88508e+00   -9.12491e+00    7.16655e-01   -2.14001e+00    4.48619e-01   -3.33870e+00   -1.75662e+01    5.72281e+00    1.56376e+00    3.06290e+00    2.72543e+00    1.39229e+01    2.70103e+00   -7.03541e+00   -7.54457e-01    1.95093e+00    5.84272e-01   -2.38890e+00    9.98005e+00    1.04375e+01   -1.38974e+00   -2.60504e+00    2.00457e+00    9.63161e+00
子矩阵:3
36
       1       2       3       4       5       6       7       8       9      10      11      12      13      14      15      16      17      18      19      20      21      22      23      24      25      26      27      28      29      30      31      32      33      34      35      36
    3.66940e+02    3.13799e+01    7.18115e+01    7.22215e+00   -1.67030e+01   -9.94953e+00    3.50541e+01   -6.13190e+00    5.97481e+00   -2.96660e+00   -1.38286e+01    1.39205e+00   -2.79550e+02    1.87356e+01   -9.47229e+01   -6.99841e+00    8.08274e+00   -3.56763e+01   -4.92335e+01   -4.17094e+01   -8.58155e+00    2.72616e+00    1.52638e+01    1.18010e+01   -6.53364e+01   -5.65308e-01    2.79286e+01    1.99716e-01    2.63762e+00   -1.24265e+00   -7.87448e+00   -1.70890e+00    3.38766e+00    8.08722e-01    2.80502e+00    4.99473e-01
    3.13799e+01    1.52992e+02    8.18868e+00    3.17594e+01   -1.65269e+01   -1.04384e+01   -1.45479e+01   -2.24443e+00   -5.35165e+00   -2.58951e+00    3.81850e+00   -2.22680e+00    4.23801e+01   -7.02935e+01   -7.84270e+00   -4.04537e+01   -5.20563e+01   -6.33809e+00   -5.76959e+01   -5.30001e+01    4.99453e+00    1.71453e+00    1.61269e+01    1.23643e+01    5.65308e-01   -2.38883e+01   -3.27103e-01    1.01668e+01   -1.71962e+00    8.22858e-01   -2.08145e+00   -3.56578e+00    9.99396e-01    1.57679e+00    5.93341e-01    1.16971e+00
    7.18115e+01    8.18868e+00    1.82879e+01    1.83834e+00   -3.45129e+00   -1.38083e+00    5.97481e+00   -4.48071e-02    1.37191e+00   -3.59227e-01   -2.52046e+00   -8.51647e-02   -3.62586e+01    4.53850e+00   -3.31064e+01   -1.84489e+00    2.59979e-01   -9.78933e+00   -1.02116e+01   -1.15714e+01   -3.10351e+00    9.35202e-02    2.78281e+00    3.28185e+00   -2.79286e+01   -3.27103e-01    1.16648e+01    1.20576e-01    1.12301e+00   -5.58827e-01   -3.38766e+00   -7.83830e-01    1.42689e+00    3.64497e-01    1.20357e+00    2.29907e-01
    7.22215e+00    3.17594e+01    1.83834e+00    8.39535e+00   -2.58816e+00   -2.60450e+00   -1.79290e+00   -2.58951e+00   -8.52263e-01   -1.02293e+00    4.30412e-01   -1.65156e-02    1.11783e+01   -1.26081e+00   -1.67898e+00   -1.39249e+01   -1.42376e+01   -3.24898e+00   -1.58669e+01   -1.61655e+01    5.11396e-01    3.46201e-01    4.44076e+00    3.41538e+00    1.99716e-01   -1.01668e+01   -1.20576e-01    4.22172e+00   -7.67726e-01    3.38004e-01   -9.40338e-01   -1.57679e+00    4.43959e-01    6.87660e-01    2.68721e-01    5.10254e-01
   -1.67030e+01   -1.65269e+01   -3.45129e+00   -2.58816e+00    9.38913e+00    1.99844e+00    7.58680e+00   -2.43657e+00    1.68730e+00   -6.08129e-01   -2.40861e+00    6.55529e-01    8.08274e+00    1.98683e+01    4.40808e+00    2.62406e+00    4.51476e-01    1.19319e+00   -6.26783e-01   -2.61303e+00   -2.06540e+00    5.84768e-01   -7.13020e-03    6.11671e-02    2.63762e+00    1.71962e+00   -1.12301e+00   -7.67726e-01   -1.12063e+00   -3.60020e-02   -9.77383e-01   -1.14897e-02    4.12838e-01    1.02994e-02    2.95354e-01   -2.75997e-02
   -9.94953e+00   -1.04384e+01   -1.38083e+00   -2.60450e+00    1.99844e+00    9.60594e+00   -2.69277e+00    7.01987e+00   -7.50034e-01    1.94301e+00    5.82486e-01   -2.38289e+00    1.62985e+01   -6.33809e+00    1.42487e+00    2.99112e+00    2.69900e+00    1.38253e+01   -4.79497e+00    9.13407e+00    7.14356e-01   -2.11261e+00    4.56455e-01   -3.32331e+00    1.24265e+00    8.22858e-01   -5.58827e-01   -3.38004e-01    3.60020e-02   -1.77919e-01   -1.03895e-01   -2.00270e-01    5.38762e-02    7.16899e-02   -5.29687e-03    5.18353e-02
    3.50541e+01   -1.45479e+01    5.97481e+00   -1.79290e+00    7.58680e+00   -2.69277e+00    2.48064e+01   -1.07001e+01    5.60828e+00   -2.46265e+00   -6.98550e+00    2.80021e+00   -4.92335e+01    2.93623e+01   -8.58155e+00    1.88589e+00   -6.26783e-01   -4.49490e-01    2.74698e-01   -6.38857e+00   -6.80142e+00    2.38636e+00    1.75966e+00    1.78514e-01   -7.87448e+00    2.08145e+00    3.38766e+00   -9.40338e-01   -9.77383e-01    1.03895e-01   -3.02729e+00    1.92762e-01    1.27561e+00   -6.81003e-02    9.85632e-01   -1.21855e-01
   -6.13190e+00   -2.24443e+00   -4.48071e-02   -2.58951e+00   -2.43657e+00    7.01987e+00   -1.07001e+01    2.46921e+01   -2.79222e+00    6.93317e+00    2.46988e+00   -5.57848e+00    2.97668e+01   -5.30001e+01    1.73917e-01    1.71453e+00   -2.13246e+00    9.13407e+00   -1.44510e+01    3.46405e+01    2.67425e+00   -7.48314e+00    1.84233e+00   -5.98053e+00    1.70890e+00   -3.56578e+00   -7.83830e-01    1.57679e+00    1.14897e-02   -2.00270e-01   -1.92762e-01   -5.22387e-01    1.11537e-01    1.71932e-01   -2.69143e-02    2.51782e-01
    5.97481e+00   -5.35165e+00    1.37191e+00   -8.52263e-01    1.68730e+00   -7.50034e-01    5.60828e+00   -2.79222e+00    1.55561e+00   -6.26846e-01   -1.50709e+00    7.91770e-01   -1.02116e+01    8.58051e+00   -3.10351e+00    1.12229e+00    7.93844e-01   -6.42017e-02    3.29175e+00   -1.54756e+00   -2.28847e+00    6.29082e-01   -3.76718e-01   -1.43674e-02   -3.38766e+00    9.99396e-01    1.42689e+00   -4.43959e-01   -4.12838e-01    5.38762e-02   -1.27561e+00    1.11537e-01    5.22586e-01   -4.11148e-02    4.17893e-01   -6.24630e-02
   -2.96660e+00   -2.58951e+00   -3.59227e-01   -1.02293e+00   -6.08129e-01    1.94301e+00   -2.46265e+00    6.93317e+00   -6.26846e-01    2.12075e+00    6.29495e-01   -1.49382e+00    8.50025e+00   -1.61655e+01    5.95075e-01    3.46201e-01   -5.42709e-01    3.64416e+00   -3.81162e+00    1.35706e+01    5.72508e-01   -2.36819e+00    4.60468e-01   -2.51309e+00    8.08722e-01   -1.57679e+00   -3.64497e-01    6.87660e-01    1.02994e-02   -7.16899e-02   -6.81003e-02   -1.71932e-01    4.11148e-02    4.33919e-02   -1.75542e-02    9.77951e-02
   -1.38286e+01    3.81850e+00   -2.52046e+00    4.30412e-01   -2.40861e+00    5.82486e-01   -6.98550e+00    2.46988e+00   -1.50709e+00    6.29495e-01    2.14335e+00   -6.31814e-01    1.52638e+01   -8.69000e+00    3.47164e+00   -4.59903e-01   -7.13020e-03    6.78000e-01    1.75966e+00    2.96804e+00    1.87717e+00   -6.04164e-01   -7.64553e-01   -3.77230e-01    2.80502e+00   -5.93341e-01   -1.20357e+00    2.68721e-01    2.95354e-01    5.29687e-03    9.85632e-01    2.69143e-02   -4.17893e-01   -1.75542e-02   -3.18702e-01    1.13821e-02
    1.39205e+00   -2.22680e+00   -8.51647e-02   -1.65156e-02    6.55529e-01   -2.38289e+00    2.80021e+00   -5.57848e+00    7.91770e-01   -1.49382e+00   -6.31814e-01    1.54351e+00   -9.08983e+00    1.23643e+01    4.37962e-02    3.53491e-01    1.21555e+00   -3.32331e+00    5.27519e+00   -5.98053e+00   -7.53174e-01    1.65231e+00   -8.53297e-01    1.37346e+00   -4.99473e-01    1.16971e+00    2.29907e-01   -5.10254e-01    2.75997e-02    5.18353e-02    1.21855e-01    2.51782e-01   -6.24630e-02   -9.77951e-02   -1.13821e-02   -9.00546e-02
   -2.79550e+02    4.23801e+01   -3.62586e+01    1.11783e+01    8.08274e+00    1.62985e+01   -4.92335e+01    2.97668e+01   -1.02116e+01    8.50025e+00    1.52638e+01   -9.08983e+00    6.87352e+02   -7.10543e-15   -8.88178e-16   -2.32996e+01   -5.09571e+01    4.88498e-15   -2.97859e+01    8.88178e-15   -8.88178e-16   -1.81699e+01   -5.86888e+00   -2.66454e-15   -2.79550e+02   -4.23801e+01    3.62586e+01    1.11783e+01    8.08274e+00   -1.62985e+01   -4.92335e+01   -2.97668e+01    1.02116e+01    8.50025e+00    1.52638e+01    9.08983e+00
    1.87356e+01   -7.02935e+01    4.53850e+00   -1.26081e+00    1.98683e+01   -6.33809e+00    2.93623e+01   -5.30001e+01    8.58051e+00   -1.61655e+01   -8.69000e+00    1.23643e+01   -7.10543e-15    4.82595e+02   -9.17889e+00    3.10862e-15    7.32747e-15   -8.01015e+01    8.88178e-15   -2.36008e+02   -1.84674e+01   -3.99680e-15   -6.21725e-15    4.10279e+01   -1.87356e+01   -7.02935e+01    4.53850e+00    1.26081e+00   -1.98683e+01   -6.33809e+00   -2.93623e+01   -5.30001e+01    8.58051e+00    1.61655e+01    8.69000e+00    1.23643e+01
   -9.47229e+01   -7.84270e+00   -3.31064e+01   -1.67898e+00    4.40808e+00    1.42487e+00   -8.58155e+00    1.73917e-01   -3.10351e+00    5.95075e-01    3.47164e+00    4.37962e-02   -4.44089e-16   -9.17889e+00    7.79945e+01   -3.88578e-16   -1.11022e-16    2.06689e+01   -2.66454e-15    2.45164e+01    7.44021e+00   -2.77556e-17    1.11022e-16   -6.95850e+00    9.47229e+01   -7.84270e+00   -3.31064e+01    1.67898e+00   -4.40808e+00    1.42487e+00    8.58155e+00    1.73917e-01   -3.10351e+00   -5.95075e-01   -3.47164e+00    4.37962e-02
   -6.99841e+00   -4.04537e+01   -1.84489e+00   -1.39249e+01    2.62406e+00    2.99112e+00    1.88589e+00    1.71453e+00    1.12229e+00    3.46201e-01   -4.59903e-01    3.53491e-01   -2.32996e+01    4.88498e-15   -3.33067e-16    3.25410e+01    3.00298e+01   -7.21645e-16    3.35246e+01   -3.66374e-15    1.11022e-16   -5.02991e-01   -9.38656e+00    1.11022e-16   -6.99841e+00    4.04537e+01    1.84489e+00   -1.39249e+01    2.62406e+00   -2.99112e+00    1.88589e+00   -1.71453e+00   -1.12229e+00    3.46201e-01   -4.59903e-01   -3.53491e-01
    8.08274e+00   -5.20563e+01    2.59979e-01   -1.42376e+01    4.51476e-01    2.69900e+00   -6.26783e-01   -2.13246e+00    7.93844e-01   -5.42709e-01   -7.13020e-03    1.21555e+00   -5.09571e+01    7.10543e-15   -3.88578e-16    3.00298e+01    4.98076e+01    5.55112e-17    3.60452e+01   -1.11022e-16   -4.99600e-16    1.11744e+00   -1.23167e+01    8.32667e-17    8.08274e+00    5.20563e+01   -2.59979e-01   -1.42376e+01    4.51476e-01   -2.69900e+00   -6.26783e-01    2.13246e+00   -7.93844e-01   -5.42709e-01   -7.13020e-03   -1.21555e+00
   -3.56763e+01   -6.33809e+00   -9.78933e+00   -3.24898e+00    1.19319e+00    1.38253e+01   -4.49490e-01    9.13407e+00   -6.42017e-02    3.64416e+00    6.78000e-01   -3.32331e+00    5.32907e-15   -8.01015e+01    2.06689e+01   -5.55112e-17    0.00000e+00    1.07578e+02   -4.44089e-16    7.45095e+01    9.59397e-02   -1.33227e-15    1.11022e-16   -2.62360e+01    3.56763e+01   -6.33809e+00   -9.78933e+00    3.24898e+00   -1.19319e+00    1.38253e+01    4.49490e-01    9.13407e+00   -6.42017e-02   -3.64416e+00   -6.78000e-01   -3.32331e+00
   -4.92335e+01   -5.76959e+01   -1.02116e+01   -1.58669e+01   -6.26783e-01   -4.79497e+00    2.74698e-01   -1.44510e+01    3.29175e+00   -3.81162e+00    1.75966e+00    5.27519e+00   -2.97859e+01    1.06581e-14   -1.77636e-15    3.35246e+01    3.60452e+01    0.00000e+00    1.27703e+02   -7.10543e-15   -4.44089e-16    7.94483e+00   -2.81780e+01    0.00000e+00   -4.92335e+01    5.76959e+01    1.02116e+01   -1.58669e+01   -6.26783e-01    4.79497e+00    2.74698e-01    1.44510e+01   -3.29175e+00   -3.81162e+00    1.75966e+00   -5.27519e+00
   -4.17094e+01   -5.30001e+01   -1.15714e+01   -1.61655e+01   -2.61303e+00    9.13407e+00   -6.38857e+00    3.46405e+01   -1.54756e+00    1.35706e+01    2.96804e+00   -5.98053e+00    8.88178e-15   -2.36008e+02    2.45164e+01   -3.66374e-15    0.00000e+00    7.45095e+01   -7.10543e-15    2.72727e+02    3.12987e+00    4.77396e-15    1.77636e-15   -5.37955e+01    4.17094e+01   -5.30001e+01   -1.15714e+01    1.61655e+01    2.61303e+00    9.13407e+00    6.38857e+00    3.46405e+01   -1.54756e+00   -1.35706e+01   -2.96804e+00   -5.98053e+00
   -8.58155e+00    4.99453e+00   -3.10351e+00    5.11396e-01   -2.06540e+00    7.14356e-01   -6.80142e+00    2.67425e+00   -2.28847e+00    5.72508e-01    1.87717e+00   -7.53174e-01   -1.33227e-15   -1.84674e+01    7.44021e+00    1.66533e-16   -3.33067e-16    9.59397e-02    4.44089e-16    3.12987e+00    5.28180e+00    1.66533e-16    1.11022e-16    7.27725e-02    8.58155e+00    4.99453e+00   -3.10351e+00   -5.11396e-01    2.06540e+00    7.14356e-01    6.80142e+00    2.67425e+00   -2.28847e+00   -5.72508e-01   -1.87717e+00   -7.53174e-01
    2.72616e+00    1.71453e+00    9.35202e-02    3.46201e-01    5.84768e-01   -2.11261e+00    2.38636e+00   -7.48314e+00    6.29082e-01   -2.36819e+00   -6.04164e-01    1.65231e+00   -1.81699e+01   -3.99680e-15    5.55112e-17   -5.02991e-01    1.11744e+00   -1.11022e-15    7.94483e+00    4.66294e-15    1.66533e-16    5.27375e+00   -9.42035e-01   -1.66533e-16    2.72616e+00   -1.71453e+00   -9.35202e-02    3.46201e-01    5.84768e-01    2.11261e+00    2.38636e+00    7.48314e+00   -6.29082e-01   -2.36819e+00   -6.04164e-01   -1.65231e+00
    1.52638e+01    1.61269e+01    2.78281e+00    4.44076e+00   -7.13020e-03    4.56455e-01    1.75966e+00    1.84233e+00   -3.76718e-01    4.60468e-01   -7.64553e-01   -8.53297e-01   -5.86888e+00   -6.21725e-15    1.11022e-16   -9.38656e+00   -1.23167e+01    5.55112e-17   -2.81780e+01    1.77636e-15    1.66533e-16   -9.42035e-01    7.69402e+00   -1.66533e-16    1.52638e+01   -1.61269e+01   -2.78281e+00    4.44076e+00   -7.13020e-03   -4.56455e-01    1.75966e+00   -1.84233e+00    3.76718e-01    4.60468e-01   -7.64553e-01    8.53297e-01
    1.18010e+01    1.23643e+01    3.28185e+00    3.41538e+00    6.11671e-02   -3.32331e+00    1.78514e-01   -5.98053e+00   -1.43674e-02   -2.51309e+00   -3.77230e-01    1.37346e+00   -2.22045e-15    4.10279e+01   -6.95850e+00    1.38778e-16    8.32667e-17   -2.62360e+01    4.44089e-16   -5.37955e+01    7.27725e-02    2.77556e-16   -2.22045e-16    1.36928e+01   -1.18010e+01    1.23643e+01    3.28185e+00   -3.41538e+00   -6.11671e-02   -3.32331e+00   -1.78514e-01   -5.98053e+00   -1.43674e-02    2.51309e+00    3.77230e-01    1.37346e+00
   -6.53364e+01    5.65308e-01   -2.79286e+01    1.99716e-01    2.63762e+00    1.24265e+00   -7.87448e+00    1.70890e+00   -3.38766e+00    8.08722e-01    2.80502e+00   -4.99473e-01   -2.79550e+02   -1.87356e+01    9.47229e+01   -6.99841e+00    8.08274e+00    3.56763e+01   -4.92335e+01    4.17094e+01    8.58155e+00    2.72616e+00    1.52638e+01   -1.18010e+01    3.66940e+02   -3.13799e+01   -7.18115e+01    7.22215e+00   -1.67030e+01    9.94953e+00    3.50541e+01    6.13190e+00   -5.97481e+00   -2.96660e+00   -1.38286e+01   -1.39205e+00
   -5.65308e-01   -2.38883e+01   -3.27103e-01   -1.01668e+01    1.71962e+00    8.22858e-01    2.08145e+00   -3.56578e+00    9.99396e-01   -1.57679e+00   -5.93341e-01    1.16971e+00   -4.23801e+01   -7.02935e+01   -7.84270e+00    4.04537e+01    5.20563e+01   -6.33809e+00    5.76959e+01   -5.30001e+01    4.99453e+00   -1.71453e+00   -1.61269e+01    1.23643e+01   -3.13799e+01    1.52992e+02    8.18868e+00   -3.17594e+01    1.65269e+01   -1.04384e+01    1.45479e+01   -2.24443e+00   -5.35165e+00    2.58951e+00   -3.81850e+00   -2.22680e+00
    2.79286e+01   -3.27103e-01    1.16648e+01   -1.20576e-01   -1.12301e+00   -5.58827e-01    3.38766e+00   -7.83830e-01    1.42689e+00   -3.64497e-01   -1.20357e+00    2.29907e-01    3.62586e+01    4.53850e+00   -3.31064e+01    1.84489e+00   -2.59979e-01   -9.78933e+00    1.02116e+01   -1.15714e+01   -3.10351e+00   -9.35202e-02   -2.78281e+00    3.28185e+00   -7.18115e+01    8.18868e+00    1.82879e+01   -1.83834e+00    3.45129e+00   -1.38083e+00   -5.97481e+00   -4.48071e-02    1.37191e+00    3.59227e-01    2.52046e+00   -8.51647e-02
    1.99716e-01    1.01668e+01    1.20576e-01    4.22172e+00   -7.67726e-01   -3.38004e-01   -9.40338e-01    1.57679e+00   -4.43959e-01    6.87660e-01    2.68721e-01   -5.10254e-01    1.11783e+01    1.26081e+00    1.67898e+00   -1.39249e+01   -1.42376e+01    3.24898e+00   -1.58669e+01    1.61655e+01   -5.11396e-01    3.46201e-01    4.44076e+00   -3.41538e+00    7.22215e+00   -3.17594e+01   -1.83834e+00    8.39535e+00   -2.58816e+00    2.60450e+00   -1.79290e+00    2.58951e+00    8.52263e-01   -1.02293e+00    4.30412e-01    1.65156e-02
    2.63762e+00   -1.71962e+00    1.12301e+00   -7.67726e-01   -1.12063e+00    3.60020e-02   -9.77383e-01    1.14897e-02   -4.12838e-01    1.02994e-02    2.95354e-01    2.75997e-02    8.08274e+00   -1.98683e+01   -4.40808e+00    2.62406e+00    4.51476e-01   -1.19319e+00   -6.26783e-01    2.61303e+00    2.06540e+00    5.84768e-01   -7.13020e-03   -6.11671e-02   -1.67030e+01    1.65269e+01    3.45129e+00   -2.58816e+00    9.38913e+00   -1.99844e+00    7.58680e+00    2.43657e+00   -1.68730e+00   -6.08129e-01   -2.40861e+00   -6.55529e-01
   -1.24265e+00    8.22858e-01   -5.58827e-01    3.38004e-01   -3.60020e-02   -1.77919e-01    1.03895e-01   -2.00270e-01    5.38762e-02   -7.16899e-02    5.29687e-03    5.18353e-02   -1.62985e+01   -6.33809e+00    1.42487e+00   -2.99112e+00   -2.69900e+00    1.38253e+01    4.79497e+00    9.13407e+00    7.14356e-01    2.11261e+00   -4.56455e-01   -3.32331e+00    9.94953e+00   -1.04384e+01   -1.38083e+00    2.60450e+00   -1.99844e+00    9.60594e+00    2.69277e+00    7.01987e+00   -7.50034e-01   -1.94301e+00   -5.82486e-01   -2.38289e+00
   -7.87448e+00   -2.08145e+00   -3.38766e+00   -9.40338e-01   -9.77383e-01   -1.03895e-01   -3.02729e+00   -1.92762e-01   -1.27561e+00   -6.81003e-02    9.85632e-01    1.21855e-01   -4.92335e+01   -2.93623e+01    8.58155e+00    1.88589e+00   -6.26783e-01    4.49490e-01    2.74698e-01    6.38857e+00    6.80142e+00    2.38636e+00    1.75966e+00   -1.78514e-01    3.50541e+01    1.45479e+01   -5.97481e+00   -1.79290e+00    7.58680e+00    2.69277e+00    2.48064e+01    1.07001e+01   -5.60828e+00   -2.46265e+00   -6.98550e+00   -2.80021e+00
   -1.70890e+00   -3.56578e+00   -7.83830e-01   -1.57679e+00   -1.14897e-02   -2.00270e-01    1.92762e-01   -5.22387e-01    1.11537e-01   -1.71932e-01    2.69143e-02    2.51782e-01   -2.97668e+01   -5.30001e+01    1.73917e-01   -1.71453e+00    2.13246e+00    9.13407e+00    1.44510e+01    3.46405e+01    2.67425e+00    7.48314e+00   -1.84233e+00   -5.98053e+00    6.13190e+00   -2.24443e+00   -4.48071e-02    2.58951e+00    2.43657e+00    7.01987e+00    1.07001e+01    2.46921e+01   -2.79222e+00   -6.93317e+00   -2.46988e+00   -5.57848e+00
    3.38766e+00    9.99396e-01    1.42689e+00    4.43959e-01    4.12838e-01    5.38762e-02    1.27561e+00    1.11537e-01    5.22586e-01    4.11148e-02   -4.17893e-01   -6.24630e-02    1.02116e+01    8.58051e+00   -3.10351e+00   -1.12229e+00   -7.93844e-01   -6.42017e-02   -3.29175e+00   -1.54756e+00   -2.28847e+00   -6.29082e-01    3.76718e-01   -1.43674e-02   -5.97481e+00   -5.35165e+00    1.37191e+00    8.52263e-01   -1.68730e+00   -7.50034e-01   -5.60828e+00   -2.79222e+00    1.55561e+00    6.26846e-01    1.50709e+00    7.91770e-01
    8.08722e-01    1.57679e+00    3.64497e-01    6.87660e-01    1.02994e-02    7.16899e-02   -6.81003e-02    1.71932e-01   -4.11148e-02    4.33919e-02   -1.75542e-02   -9.77951e-02    8.50025e+00    1.61655e+01   -5.95075e-01    3.46201e-01   -5.42709e-01   -3.64416e+00   -3.81162e+00   -1.35706e+01   -5.72508e-01   -2.36819e+00    4.60468e-01    2.51309e+00   -2.96660e+00    2.58951e+00    3.59227e-01   -1.02293e+00   -6.08129e-01   -1.94301e+00   -2.46265e+00   -6.93317e+00    6.26846e-01    2.12075e+00    6.29495e-01    1.49382e+00
    2.80502e+00    5.93341e-01    1.20357e+00    2.68721e-01    2.95354e-01   -5.29687e-03    9.85632e-01   -2.69143e-02    4.17893e-01   -1.75542e-02   -3.18702e-01   -1.13821e-02    1.52638e+01    8.69000e+00   -3.47164e+00   -4.59903e-01   -7.13020e-03   -6.78000e-01    1.75966e+00   -2.96804e+00   -1.87717e+00   -6.04164e-01   -7.64553e-01    3.77230e-01   -1.38286e+01   -3.81850e+00    2.52046e+00    4.30412e-01   -2.40861e+00   -5.82486e-01   -6.98550e+00   -2.46988e+00    1.50709e+00    6.29495e-01    2.14335e+00    6.31814e-01
    4.99473e-01    1.16971e+00    2.29907e-01    5.10254e-01   -2.75997e-02    5.18353e-02   -1.21855e-01    2.51782e-01   -6.24630e-02    9.77951e-02    1.13821e-02   -9.00546e-02    9.08983e+00    1.23643e+01    4.37962e-02   -3.53491e-01   -1.21555e+00   -3.32331e+00   -5.27519e+00   -5.98053e+00   -7.53174e-01   -1.65231e+00    8.53297e-01    1.37346e+00   -1.39205e+00   -2.22680e+00   -8.51647e-02    1.65156e-02   -6.55529e-01   -2.38289e+00   -2.80021e+00   -5.57848e+00    7.91770e-01    1.49382e+00    6.31814e-01    1.54351e+00
子矩阵:4
36
       1       2       3       4       5       6       7       8       9      10      11      12      13      14      15      16      17      18      19      20      21      22      23      24      25      26      27      28      29      30      31      32      33      34      35      36
    2.48064e+01    1.07001e+01    5.60828e+00    2.46265e+00    6.98550e+00    2.80021e+00    3.50541e+01    1.45479e+01    5.97481e+00    1.79290e+00   -7.58680e+00   -2.69277e+00    2.74698e-01    6.38857e+00   -6.80142e+00   -2.38636e+00   -1.75966e+00    1.78514e-01   -4.92335e+01   -2.93623e+01   -8.58155e+00   -1.88589e+00    6.26783e-01   -4.49490e-01   -3.02729e+00   -1.92762e-01    1.27561e+00    6.81003e-02   -9.85632e-01   -1.21855e-01   -7.87448e+00   -2.08145e+00    3.38766e+00    9.40338e-01    9.77383e-01    1.03895e-01
    1.07001e+01    2.46921e+01    2.79222e+00    6.93317e+00    2.46988e+00    5.57848e+00    6.13190e+00   -2.24443e+00    4.48071e-02   -2.58951e+00   -2.43657e+00   -7.01987e+00    1.44510e+01    3.46405e+01   -2.67425e+00   -7.48314e+00    1.84233e+00    5.98053e+00   -2.97668e+01   -5.30001e+01   -1.73917e-01    1.71453e+00   -2.13246e+00   -9.13407e+00    1.92762e-01   -5.22387e-01   -1.11537e-01    1.71932e-01   -2.69143e-02   -2.51782e-01   -1.70890e+00   -3.56578e+00    7.83830e-01    1.57679e+00    1.14897e-02    2.00270e-01
    5.60828e+00    2.79222e+00    1.55561e+00    6.26846e-01    1.50709e+00    7.91770e-01    5.97481e+00    5.35165e+00    1.37191e+00    8.52263e-01   -1.68730e+00   -7.50034e-01    3.29175e+00    1.54756e+00   -2.28847e+00   -6.29082e-01    3.76718e-01   -1.43674e-02   -1.02116e+01   -8.58051e+00   -3.10351e+00   -1.12229e+00   -7.93844e-01   -6.42017e-02   -1.27561e+00   -1.11537e-01    5.22586e-01    4.11148e-02   -4.17893e-01   -6.24630e-02   -3.38766e+00   -9.99396e-01    1.42689e+00    4.43959e-01    4.12838e-01    5.38762e-02
